81915.50429  
2455.52479  
3687.821487  
1672.380823  
347.2872108  
7025.793993  
642.2891735  
2515.766172  
2023.650605  
245.7886777  
719.3015565  
1946.995289  
422.6877119  
1634.359259  
554.8533621  
47.43213546  
53.7623509  
241.8728189  
18.40011477  
1506.819621  
707.3094745  
776.2838388  
1247.697651  
2097.247839  
25.59075833  
105.5008289  
1137.529693  
123.0818286  
1584.676776  
602.8398047  
659.6433325  
222.6301227  
2135.248303  
78.52382607  
823.6999735  
70.30884633  
520.6143668  
503.900215  
454.9122076  
132.0437027  
758.915731  
272.1424269  
1644.252872  
73.43581322  
526.9925984  
1293.969784  
314.9731551  
460.9058517  
561.1805576  
1304.046586  
325.4545199  
2334.566692  
1718.206788  
1279.012285  
565.049828  
385.9523085  
219.4963694  
203.6351846  
579.3381821  
636.8801769  
91.49737925  
213.9212937  
1993.359159  
673.3300169  
1236.521014  
712.4220278  
363.7868885  
196.0744695  
1180.997635  
593.4838554  
332.1078708  
1198.803803  
681.6968747  
335.228124  
1101.875238  
301.2461941  
536.7015486  
144.0356697  
2170.395305  
1186.239463  
706.5669669  
669.5835129  
174.5894412  
333.6851896  
230.7626697  
600.846892  
592.3811274  
13.20118802  
527.3326229  
42.73339393  
146.8281348  
1222.439114  
1463.907243  
274.7022879  
60.23263578  
914.8892691  
249.9290785  
1368.467056  
461.262044  
319.7204224  
52.61590537  
618.5807525  
304.4650775  
148.3241733  
185.1797505  
233.9290707  
237.6405239  
525.8626086  
887.3511454  
323.5158726  
4.032734571  
271.6463082  
326.5938903  
475.918689  
79.58158183  
81.66014887  
292.5650944  
1305.183084  
549.2212563  
881.8211168  
231.4252056  
560.4334004  
500.8492957  
1020.57323  
1900.054406  
172.0160088  
581.6954214  
835.8385183  
94.32908434  
329.8246974  
727.1524561  
446.9045102  
1195.932325  
35.45508179  
632.674605  
311.2129911  
1326.482571  
668.4479138  
1076.0198  
15.49476608  
152.2973978  
125.9414993  
2.890115989  
656.5371969  
211.067187  
90.38443455  
6.976960263  
92.36637233  
500.2653395  
619.0442146  
304.2720378  
368.9783423  
1359.881927  
916.7367589  
672.8470645  
926.1824477  
57.14862304  
43.24097308  
716.8494762  
433.0748519  
744.5684552  
128.4581075  
884.9134909  
647.5683234  
1895.060991  
1005.70116  
827.4651147  
1053.148578  
139.9399082  
465.7213079  
853.1573316  
929.9910184  
977.7565916  
566.0244672  
751.6603754  
1162.535338  
31.22681311  
48.74732934  
73.09314387  
105.9480112  
366.7931796  
61.90640583  
72.47653774  
778.9854403  
887.9075995  
287.4814586  
216.9513347  
1123.314798  
165.4435281  
893.7593064  
36.01980925  
383.7977284  
691.0811607  
77.05548955  
221.8450467  
104.1534966  
66.81184857  
201.6964422  
1166.949179  
153.4323803  
173.7696319  
80.50940348  
129.9194087  
409.8086402  
98.19401146  
1054.757103  
1263.636751  
414.5767793  
360.9756384  
741.1423032  
537.4485015  
1725.275149  
384.0206083  
321.8963904  
1453.120309  
1060.81911  
709.0149844  
327.2162321  
6.874309101  
88.82457698  
78.27705926  
340.1854745  
140.0567054  
538.5367017  
777.2852973  
57.9160948  
1025.612036  
2239.015472  
1313.65559  
932.0815068  
896.5266261  
226.5703885  
151.8437074  
255.880979  
244.3535278  
217.3178993  
1659.425092  
2733.3211  
362.8891982  
1068.69213  
1342.264048  
51.38577403  
94.0709895  
267.7225156  
762.250319  
1303.509678  
368.1747238  
499.8473873  
587.4577878  
670.6838554  
1034.498314  
287.2599826  
226.5469113  
132.4729982  
240.5023943  
60.19221148  
206.4127504  
56.65509227  
34.40380618  
412.3615231  
285.4178372  
361.5442691  
819.5309011  
208.4530993  
552.2592081  
501.0042202  
1336.117369  
194.6964331  
432.4496489  
41.79248026  
711.3067952  
3.451244647  
722.0991467  
2.50896685  
594.9999843  
178.3889163  
566.8400588  
109.2239061  
709.6845885  
133.3570718  
122.9477091  
455.0581772  
15.85903688  
688.5780608  
298.6055767  
29.22890081  
423.5402677  
268.1540046  
2370.62134  
648.0888386  
115.4043323  
47.17342429  
459.0987528  
281.1246229  
458.5465446  
43.31656535  
42.87963738  
104.874261  
58.03683681  
560.7460664  
334.6648201  
773.5963266  
673.9938887  
204.298808  
72.21261601  
933.1741074  
436.7947174  
169.2141801  
160.6705576  
172.6040299  
129.4075401  
106.0502903  
137.9948163  
154.0471178  
610.290138  
133.5659789  
828.6878259  
475.9353191  
135.5081535  
318.6964574  
16.22367614  
177.219332  
20.05815397  
36.95797454  
214.4076964  
534.5794046  
108.4649671  
240.6907258  
233.1422382  
143.9743262  
101.9798655  
817.6573922  
15.72690594  
19.81446225  
465.113972  
1112.822988  
1406.389952  
1714.772602  
661.1275153  
265.7245464  
286.4140971  
731.0312855  
130.5700152  
58.1114707  
43.04943776  
463.2632173  
178.8979146  
200.6448764  
1030.167739  
179.0138827  
154.3332963  
908.0069413  
1093.542112  
219.7837478  
655.7863117  
44.88558168  
649.5307661  
553.2123118  
56.46720297  
20.39656488  
69.40058161  
972.5218848  
1105.064251  
35.47614527  
608.3544512  
151.4442553  
29.74935862  
257.3757157  
417.0923606  
187.1876902  
229.8668497  
497.998317  
556.3982873  
67.17826205  
213.6621051  
446.5266851  
76.95218956  
186.9847031  
113.5619247  
120.2188954  
146.3931748  
727.7392628  
151.0062735  
636.823513  
356.9300151  
32.0002448  
