29674.68758  
1155.223339  
26.82408223  
1002.038043  
758.5325294  
500.9624437  
655.2677784  
2670.598043  
811.6634198  
910.8322984  
915.607495  
2123.755171  
2.317865261  
870.8092422  
3648.408298  
564.5453625  
702.20584  
174.6106707  
4343.975021  
1159.199147  
178.7319624  
1219.76844  
466.0985704  
298.2839583  
79.38171026  
1030.031127  
799.5675269  
1648.423753  
34.51664688  
598.863747  
3637.011535  
152.2598193  
283.9923586  
540.9599707  
3223.80856  
185.570988  
3595.1335  
1095.561025  
823.1103853  
247.0635748  
138.7361336  
478.4773218  
1766.162975  
278.932031  
75.18971771  
94.05524378  
235.0649502  
5925.802798  
875.3644069  
2.924879437  
985.1936905  
1647.281553  
362.3938941  
519.8112987  
405.239627  
1356.818663  
348.9606821  
807.6872518  
125.3063298  
94.3133423  
748.3336741  
370.1677936  
754.4180955  
138.3511742  
663.5864559  
490.9194772  
101.9459032  
10.57406281  
180.1786899  
16.62245082  
248.4067986  
42.44162369  
726.3223915  
8.827656033  
573.7376056  
1366.068071  
176.2630211  
86.55499185  
601.4895978  
137.1884555  
291.8520807  
34.50244145  
159.0924552  
1363.81293  
77.57691243  
375.3716426  
549.2635158  
1294.644739  
708.9233767  
794.0432828  
58.94015779  
3838.022424  
181.4653031  
247.4024984  
1222.308999  
889.4747864  
934.276731  
203.800288  
149.8697961  
193.6918994  
2916.185614  
84.96046072  
1011.722895  
693.8685314  
869.451707  
679.8394608  
2497.601739  
128.50921  
357.4704142  
1394.179491  
71.14606959  
1576.144144  
307.4575585  
2581.677013  
154.5164748  
54.21919058  
478.2862288  
1621.004586  
1044.726651  
1121.047182  
2256.381173  
15.95598983  
343.3144015  
470.5935351  
9.050317745  
860.1981483  
1578.896634  
1261.668536  
577.0836773  
1005.593678  
120.555997  
1494.258561  
610.3019276  
877.496018  
215.6155584  
1166.070788  
95.59488271  
1271.789286  
1246.093722  
1260.43896  
406.1157085  
808.3831689  
134.3892271  
668.230839  
1171.179414  
761.2621375  
76.81858711  
758.6322381  
2263.131847  
143.9331649  
110.3002097  
601.0338484  
168.0986268  
733.7016531  
765.4900571  
292.52377  
154.1742601  
250.6747847  
395.7915198  
1372.540014  
225.6425432  
267.3163782  
63.07013189  
2509.155482  
1787.481228  
993.7059306  
1370.162931  
605.8214072  
390.9277101  
108.6771796  
188.1941618  
2.302075618  
619.3819395  
194.5047927  
2667.469309  
682.3785849  
654.4139818  
135.5999375  
71.05401644  
132.7651245  
957.2790088  
908.9109045  
1359.825792  
1082.262068  
282.9773377  
1478.316389  
1813.739941  
19.45404942  
226.150305  
184.1454569  
3531.431497  
131.7674074  
677.7646169  
317.5453827  
510.9660191  
20.01314072  
794.1391821  
2452.225929  
62.7271407  
198.7315046  
512.2105937  
336.0348366  
71.77811729  
316.6393667  
34.88499235  
598.510962  
643.374882  
520.3525479  
353.0704779  
727.7974856  
96.90594369  
1352.714086  
295.4707035  
799.7473947  
442.9059149  
41.45013256  
2057.497422  
1037.446685  
27.5249398  
563.1181765  
913.6943445  
842.6685928  
271.8290775  
497.5746434  
412.8516585  
1.428195775  
3849.119238  
150.5348571  
482.0070402  
123.0407447  
12.73389531  
711.8071496  
562.5538958  
1156.994252  
86.74221166  
181.9940673  
1095.789999  
572.3283835  
137.9479446  
731.2192205  
545.0146835  
1184.371632  
264.6781237  
118.1576798  
284.0809299  
1559.598497  
321.6233914  
818.1763139  
3115.959772  
7.224782308  
1308.484292  
303.2050696  
330.11397  
488.6949856  
1084.74009  
132.9971531  
401.0118702  
38.17211198  
640.7016631  
19.85691253  
68.54926357  
365.6812153  
739.2263303  
942.6212215  
1329.202507  
131.6266609  
204.7613602  
78.31789487  
516.2208817  
121.7445936  
38.00653533  
525.6403448  
523.0649745  
407.2752457  
970.4642032  
317.1690957  
716.8192858  
847.2497429  
1408.453893  
775.8332281  
1268.973037  
117.5364765  
1099.499513  
401.9450079  
465.861638  
995.0562778  
28.18019405  
405.5661579  
46.44491062  
133.7577905  
107.4887124  
1170.267141  
2912.861247  
1492.458606  
1544.197481  
1237.117855  
953.2666154  
227.9968133  
628.278541  
1437.233129  
1287.723497  
1292.24601  
824.3041978  
402.8824586  
239.5632636  
834.0511921  
456.0436118  
320.2583449  
257.3077983  
531.6400117  
712.3107235  
794.0624473  
1470.380201  
159.4045873  
458.2676835  
249.7473475  
1150.566407  
121.4575348  
1089.022751  
791.8564636  
366.6205137  
104.4443878  
45.30042747  
1646.844638  
42.91327206  
247.3192287  
389.5428004  
246.552807  
148.0178252  
35.26601485  
626.6360835  
618.962345  
366.4362918  
395.5711609  
565.6101015  
1294.801653  
595.706105  
476.0612071  
24.31754499  
1203.062969  
23.75220579  
625.5235501  
776.5921464  
336.248712  
502.6719563  
95.49359814  
110.2921795  
229.8665948  
234.0531216  
42.9108895  
656.5653551  
1092.735221  
66.5770435  
419.7201464  
981.0004365  
398.637038  
504.7623188  
786.7646979  
240.4883409  
945.5691192  
190.6567738  
258.1914891  
2746.960498  
712.1119681  
96.5618378  
174.4368796  
446.1022394  
111.4632609  
13.46943612  
117.4953538  
467.0339925  
1626.081415  
10.53748622  
34.94828979  
65.13901321  
296.6359004  
249.3073894  
157.1185086  
953.4915046  
9.62130672  
467.9457168  
203.6270573  
1070.504746  
510.343861  
26.31140873  
1030.192398  
