7623.942246  
11290.63799  
6400.780731  
3189.501742  
4351.624475  
1663.442067  
4619.372513  
633.006342  
3226.663882  
282.7952999  
1780.230579  
226.2847377  
433.9824397  
265.0659291  
124.9755645  
1082.969607  
87.71982355  
1011.914402  
3562.753045  
2283.88406  
1680.163202  
726.8424628  
2409.045699  
2585.809382  
2329.653746  
65.8924742  
245.1085664  
623.7309375  
713.3591494  
1165.9727  
122.0193245  
782.8816393  
428.3359612  
1276.462388  
284.2408233  
2183.231553  
730.725951  
118.856167  
646.9543478  
710.6208914  
19.56761628  
12.55079591  
718.0713411  
229.8122718  
83.80651516  
1250.514767  
1736.008852  
2877.605302  
245.613053  
484.1614106  
218.7065106  
1950.059254  
37.5248582  
208.1687861  
317.566969  
636.287598  
497.6923101  
816.3459814  
236.4808086  
1102.967451  
34.12927385  
633.1253872  
982.3073989  
303.3718811  
362.7829932  
1781.705277  
237.9719237  
456.700456  
278.7592997  
26.51411717  
739.8488939  
130.3802045  
113.5169197  
262.1572248  
1494.474081  
1809.102457  
79.63658676  
442.8529762  
514.091935  
843.4895276  
1610.852907  
120.7845815  
964.0607704  
784.4477231  
267.7216862  
174.2544749  
920.4093676  
869.1269075  
242.231682  
670.2957221  
756.2343273  
4875.501486  
1554.339009  
574.1065641  
882.9771096  
437.3251249  
183.4416258  
448.832835  
60.40652629  
85.63687961  
1969.577366  
488.0743123  
1431.236733  
1092.616159  
1837.482375  
324.2721872  
946.3231751  
49.93029467  
49.66627104  
1321.679068  
633.3241593  
478.1972516  
790.4565687  
3722.475659  
320.2494373  
577.4473928  
95.17171999  
170.9574803  
881.3173207  
734.2991304  
164.6804702  
397.60663  
438.0459279  
90.62072855  
280.7119806  
992.8787076  
2585.14925  
1829.417877  
991.7444377  
676.4675382  
430.0000114  
1665.514314  
2166.867705  
637.0320047  
100.5727205  
184.0685173  
445.5714248  
604.5020542  
325.1589932  
1722.381625  
251.8144118  
3.944766084  
1071.907915  
367.4970462  
266.5438535  
196.6658822  
35.03458853  
248.4493531  
671.1430704  
358.5863169  
91.03636766  
232.9822806  
723.5043511  
615.6951033  
72.12273755  
375.0958995  
102.6991098  
1125.85969  
538.335313  
1607.397236  
328.6652901  
247.54949  
476.5196435  
258.7483786  
2524.559602  
216.6563525  
79.50450321  
11.44935876  
422.1924461  
630.4827306  
31.67902431  
253.2050425  
772.0095095  
595.9816556  
1876.897331  
384.2610733  
671.0983658  
140.3694796  
1898.608157  
423.4416618  
384.5150842  
207.8082643  
1634.234328  
517.3196024  
149.3489439  
888.9038822  
3881.387119  
468.9290452  
163.5286141  
113.6373215  
2817.113802  
264.409406  
433.8299518  
39.83366212  
825.3870498  
117.1239618  
1121.084075  
707.128044  
802.6217828  
119.6310241  
419.8141814  
572.0608667  
481.916423  
1006.031673  
233.6333771  
211.1641568  
1353.736013  
502.292999  
1603.506932  
380.1390167  
1277.336957  
16.83593673  
199.060816  
544.5094728  
322.4541546  
1777.081837  
527.7618929  
2153.318411  
1347.266368  
1180.226174  
453.4551127  
936.3442819  
848.1603589  
155.5347237  
94.69015203  
683.1744536  
3211.200255  
378.7599735  
11.88130717  
791.0177723  
446.4032543  
459.9710122  
529.6406044  
241.4123965  
602.1848753  
454.6950327  
1002.147601  
128.2755165  
1808.478153  
605.3878678  
346.3544777  
1482.046038  
731.3496812  
792.1798294  
1190.178857  
32.16691266  
651.5141703  
1203.44275  
702.6027915  
495.5683575  
1094.093311  
137.8727547  
146.4035701  
486.5598826  
310.7857158  
851.9292032  
222.7864592  
179.1286088  
64.90930386  
70.58529283  
125.7707138  
1057.212225  
802.7078213  
460.5980955  
396.8280048  
261.5467083  
423.4828832  
303.6060255  
557.6746892  
48.44104653  
142.677537  
794.0249436  
171.4634133  
521.7181755  
16.97661813  
279.9478961  
179.4709781  
359.9922846  
1254.119633  
184.7690679  
87.70019138  
166.1758972  
694.1947064  
388.1234839  
1799.142421  
1689.813028  
1801.227382  
456.0826614  
269.228102  
16.57137564  
383.5005464  
1669.771461  
413.011794  
254.7108343  
152.4155688  
1031.786282  
229.3230382  
765.9569013  
1068.50577  
1684.80669  
655.7488034  
243.2404143  
386.0219104  
296.9381589  
75.79778925  
314.5161819  
1525.683035  
28.85572768  
348.4161415  
363.6673203  
4.290186559  
599.2525182  
3161.841602  
410.856378  
985.0356175  
41.63620956  
380.2648555  
514.8319866  
40.86804835  
1710.247702  
1626.300126  
1137.931094  
1128.1953  
550.3891613  
0.2703825382  
198.2275988  
1620.094589  
121.3734278  
149.2383435  
247.9074533  
193.5483223  
264.0329587  
607.6646028  
761.4391473  
13.13160763  
301.6913009  
166.3671317  
290.7728687  
635.3168719  
373.2368765  
74.3486967  
798.960979  
316.6671681  
208.2747364  
284.3855034  
27.87554087  
697.4189985  
195.5031815  
105.1839701  
454.0747202  
917.7235087  
1692.305729  
966.683052  
289.3284377  
177.2872047  
6.402558184  
1100.055255  
578.5745308  
990.8258111  
270.5252609  
608.4490653  
25.01066585  
1028.919115  
1197.545905  
181.6826721  
779.5320756  
528.102846  
184.5132505  
723.1125777  
185.3286561  
581.5468047  
1865.630326  
569.2098646  
96.74718274  
288.7125041  
844.3320531  
398.1824564  
428.7144481  
214.2444216  
417.7796163  
349.7808332  
74.16320334  
227.9579587  
167.9734393  
673.8105154  
556.7719541  
