27283.69032  
11131.98998  
39.99649126  
2267.211741  
3840.863507  
1734.1559  
1509.999421  
145.2610923  
993.3323014  
1457.270925  
145.8946981  
60.3579281  
1361.861376  
3317.622784  
318.028648  
440.5047621  
703.7738364  
239.2213925  
0.002512302696  
274.7508348  
762.8296927  
367.8685878  
1907.481625  
485.7890785  
1298.715542  
16.99017423  
327.6303605  
1261.226876  
399.3995052  
330.9800343  
789.2120031  
49.38663963  
1052.544336  
461.7322355  
262.5868956  
503.7132263  
340.7520184  
394.447037  
2565.159174  
1638.833405  
897.5510681  
535.2729916  
1407.84245  
251.2545495  
1170.1797  
649.0744373  
77.87361994  
314.1999594  
1115.661864  
219.3554773  
990.4831938  
847.5610385  
1286.423882  
940.4139031  
453.6245106  
21.22667206  
287.1206627  
122.940584  
798.5891796  
1232.466104  
254.6450047  
453.7189961  
1031.842021  
427.9270164  
1451.263473  
845.0680691  
530.5121796  
4.557834334  
214.0018494  
329.3703866  
67.35986976  
1282.142068  
2314.495153  
1450.171479  
2056.975231  
613.716454  
371.8735783  
240.4739666  
1166.007312  
1354.97385  
639.8432183  
319.1939591  
419.8883598  
1144.564928  
259.2121227  
40.66747318  
615.5757255  
155.6678294  
473.365121  
285.5011488  
134.7719033  
835.3569934  
1007.161052  
238.0064121  
226.1250724  
1899.108546  
654.5264169  
1401.663065  
448.5877706  
398.8858346  
150.9843359  
50.9230026  
1349.365114  
524.0330934  
101.0048947  
56.00873884  
892.9820968  
2420.547819  
818.0778602  
200.7539256  
177.2659638  
105.3354488  
965.9640897  
389.2070638  
136.8589547  
145.8423712  
1050.768453  
1439.08916  
864.1547791  
970.9856681  
636.0209402  
714.1262245  
195.024659  
1856.007281  
544.5480281  
118.3562159  
51.55355392  
1642.586251  
495.3888403  
60.08426387  
636.1523408  
574.9828867  
484.1253074  
1063.523751  
1784.43149  
100.4317104  
1071.407143  
335.4374606  
746.9627191  
1065.17782  
92.8857997  
531.7863032  
398.1340567  
964.2616324  
1570.174073  
130.7851186  
796.2866283  
262.0202763  
765.1964006  
789.3692829  
295.9447923  
719.180649  
1973.322514  
938.5441664  
1388.693401  
463.509892  
819.2781983  
149.579257  
365.9829862  
146.1160111  
326.0981262  
534.6608822  
561.2541415  
1398.985774  
2655.767191  
1621.231327  
1275.702398  
94.4852417  
914.0355712  
555.8878128  
1467.368076  
1156.249118  
14.56440722  
474.9667372  
63.02813823  
839.355252  
246.172751  
181.234321  
122.1275811  
257.7723435  
96.63020629  
88.30218797  
339.6191153  
198.9028467  
1176.015139  
501.6026745  
288.7274173  
1085.548369  
1354.793255  
476.6384382  
206.3706514  
1080.76667  
173.9108191  
478.2087351  
68.02951443  
344.3908702  
740.0118667  
881.9254829  
1439.369492  
390.2085558  
271.6284849  
251.6555187  
450.7358843  
167.5898876  
114.8043398  
1358.000979  
172.7745864  
434.843433  
55.55869353  
52.57743686  
2419.381159  
400.7825799  
529.7570395  
562.6948632  
1075.445616  
983.6372265  
387.7995528  
62.15777032  
284.5466934  
881.4170431  
643.3340022  
158.978916  
990.4397984  
889.956883  
483.9523413  
281.388442  
1190.48516  
2292.339575  
524.5802063  
608.5162202  
956.7865066  
635.2518438  
101.2409297  
1004.325935  
457.7405614  
1099.389381  
2749.585861  
3396.897126  
1277.819641  
1073.479646  
1363.64959  
1162.433825  
244.2444868  
122.1491301  
1505.762839  
1488.364092  
1267.81792  
870.1345654  
817.2171524  
1716.970544  
1217.560542  
491.1961423  
115.8165462  
651.1751898  
696.7660969  
57.3885828  
760.766748  
541.1218386  
735.8684839  
246.517505  
1012.476897  
140.6714982  
336.2067296  
442.6469437  
751.6508811  
1912.967232  
2153.35201  
865.3145382  
1252.490548  
261.2165178  
611.3503457  
392.0234297  
113.8555393  
65.49789601  
215.2140403  
371.7464567  
669.0567315  
433.3379483  
763.8679819  
144.1138321  
129.0954999  
2081.981204  
98.49910203  
1306.285113  
238.4568737  
22.40315694  
49.57116175  
217.9143063  
1887.234122  
829.2911221  
9.127827843  
419.5901757  
1517.276335  
1260.46514  
147.8176388  
522.8633208  
60.16894121  
736.316176  
679.4684707  
925.3097938  
730.0395032  
457.235948  
550.7036755  
340.8967626  
230.76602  
142.4780505  
146.2393054  
68.62706299  
883.1684586  
333.5037433  
1751.760061  
480.6190965  
316.6316794  
733.1159684  
681.9986991  
409.1956506  
651.7458996  
411.6346034  
29.89255876  
278.7291512  
411.551111  
478.4240144  
103.5115393  
237.6221771  
59.5622298  
141.7643955  
287.619148  
315.9111606  
44.87671768  
1046.990533  
48.05632508  
1486.037276  
494.14967  
7.803807425  
412.4138556  
374.1806247  
391.1278987  
984.0253435  
170.7083105  
751.2920456  
232.968332  
1168.081162  
329.7051288  
215.2461112  
291.5499165  
1024.942405  
120.25902  
297.0405757  
430.627546  
826.3412778  
719.3319037  
937.6826019  
1362.219881  
500.3380155  
1.003385865  
398.8861149  
329.6235762  
388.4916502  
247.1672044  
357.5979708  
232.2406529  
551.0734551  
883.4043853  
262.353916  
588.4590617  
19.20751479  
325.5262472  
285.7211546  
450.6416195  
307.5760249  
651.3681278  
3137.601065  
1833.04029  
539.4261633  
14.09627844  
161.0982733  
148.7721637  
463.8070393  
540.1011529  
121.1953265  
315.690598  
264.5588167  
143.235527  
795.6119851  
706.5383303  
1374.283518  
