45669.77452  
21832.36463  
6175.24256  
4619.369873  
1053.312199  
2.728329152  
1088.401635  
322.9297956  
804.1290359  
792.1772575  
998.2310609  
358.8426111  
460.315419  
1212.203457  
57.01939018  
1267.343377  
201.9308337  
50.98157019  
1192.295037  
131.7025041  
260.6058249  
743.9490997  
1320.662302  
190.3533947  
35.8493311  
478.8053182  
638.7662646  
451.0254354  
253.5066565  
1947.66285  
780.1146257  
97.55003685  
446.3012942  
299.1893462  
979.6665171  
913.6220268  
156.7436681  
834.7820565  
1360.500886  
510.4540558  
38.32556401  
77.00349358  
1317.401887  
322.760324  
442.7440656  
857.8033271  
967.6961516  
818.2280851  
203.863081  
1126.228789  
557.1635739  
1084.819764  
1603.46092  
1133.997811  
296.1852357  
689.5337689  
791.148619  
132.7603083  
3.475535357  
209.5965199  
279.168271  
284.7622443  
676.7073989  
306.8639834  
522.3406477  
409.4368238  
307.002346  
595.0946178  
381.5895833  
1129.118797  
485.9045911  
1930.037124  
1002.516462  
100.4996868  
114.9873029  
1464.021997  
134.4587547  
68.17136646  
1374.905196  
1664.566651  
774.9573985  
2055.801536  
881.8301916  
265.894428  
143.9102245  
188.9657365  
94.61024595  
48.3249591  
375.4308695  
38.98632859  
264.7012291  
802.3669939  
1241.171068  
616.6725464  
211.2186093  
1072.980407  
898.4303278  
1030.486646  
1034.272444  
918.9373266  
132.5093518  
359.0454517  
967.7474016  
651.3583165  
597.4136116  
184.3679675  
123.5501219  
91.24677446  
169.2287137  
173.7956624  
49.21858479  
476.6720146  
817.3487883  
23.94797884  
105.3124481  
330.5238961  
463.7957324  
1794.80703  
2022.508357  
364.3086792  
145.7257142  
445.5620911  
508.3346203  
700.66593  
1902.636677  
52.81533478  
626.5056984  
978.554848  
35.53495605  
250.4438521  
251.8982798  
851.6691994  
1168.092444  
1402.347086  
1105.845299  
496.6084306  
609.6128973  
755.4427482  
650.0524281  
184.1417179  
966.7747733  
522.2190932  
496.4925975  
1091.967324  
310.4754463  
11.78125628  
166.7004754  
46.26378818  
325.9779066  
562.3119782  
440.6128759  
219.8422049  
1806.834488  
396.4934646  
122.4438402  
1115.479777  
82.86791789  
26.26618943  
1187.288412  
84.16255487  
104.9798314  
182.3497919  
382.4159766  
422.5875411  
3110.359441  
844.9389437  
408.4817577  
1209.229787  
172.3798032  
1888.058201  
151.8142185  
1552.858395  
640.1977398  
771.5848212  
379.4451684  
354.2930527  
275.2687836  
20.3345117  
1060.249228  
329.8573466  
1121.581798  
345.6960711  
125.9126355  
489.4281374  
523.2405106  
590.247408  
282.3469288  
1938.742307  
24.90850548  
888.753531  
74.70136588  
225.4633997  
43.78647549  
194.40411  
10.43575178  
119.7282178  
38.33896561  
22.11984506  
2052.793539  
221.7449667  
333.6075289  
110.5589151  
24.15602567  
352.2919725  
286.9530809  
164.022022  
1606.267495  
598.1072684  
103.2757092  
494.1826304  
204.4518572  
246.020258  
107.07137  
73.86561305  
1126.216504  
1531.830097  
803.2815806  
314.8772047  
141.9131694  
302.6875833  
162.7481657  
625.5601318  
497.7776212  
906.0560867  
588.7457137  
195.1174865  
772.0821109  
1600.956341  
383.5267599  
1221.235541  
1844.699764  
678.239945  
495.4822842  
197.6386049  
147.5581347  
413.5416263  
761.4059558  
1155.614674  
10.30486382  
1032.523896  
891.6411654  
37.14984047  
373.1595131  
108.7319867  
161.3723887  
1212.519124  
566.2374676  
726.3942551  
391.6854295  
536.5565016  
369.167593  
254.7466722  
463.1107591  
265.9327742  
92.38228108  
737.8609294  
40.61668222  
95.95000483  
88.71008121  
1110.068496  
226.5764131  
511.4734582  
523.722475  
59.81140579  
845.6333604  
218.049929  
1539.151015  
384.7383831  
198.7414069  
223.9390805  
538.8899931  
717.7748436  
908.6817901  
616.1889876  
742.0803669  
783.9095463  
707.6176363  
434.8691154  
510.7142175  
923.3525557  
117.4356844  
272.3890679  
46.65649252  
861.0400577  
432.7344462  
173.0430668  
480.741383  
371.4275161  
1938.03851  
936.601339  
272.0454152  
274.3429831  
784.3676861  
1657.217412  
493.243873  
685.6436055  
313.6679802  
127.8981739  
109.4522889  
159.0483064  
306.7892011  
345.7837442  
1079.814955  
997.7055186  
336.4210195  
467.471397  
1200.200946  
500.3640868  
358.0867695  
539.3923997  
113.5519904  
428.5072322  
198.0106262  
1033.721322  
283.4115637  
431.7723479  
1838.753635  
1053.801666  
671.9579399  
379.343101  
130.0460202  
685.3874835  
299.6124747  
17.43651316  
953.7143333  
1735.643087  
266.8502654  
348.7990504  
4.511731892  
144.8081131  
303.1567975  
504.9076377  
101.2890108  
154.2794012  
1008.946209  
1072.5073  
840.2461298  
1500.039935  
962.4917934  
112.4010835  
229.5273273  
432.300822  
127.1794103  
90.5527876  
27.75742328  
538.533023  
574.4610854  
885.6541339  
1488.232192  
219.1508903  
372.4575348  
1079.980496  
477.9594303  
78.44029174  
633.292626  
104.7335347  
935.7270511  
1173.122273  
295.4584152  
493.5703545  
469.9414205  
1770.329247  
1238.324611  
798.2248511  
437.5137067  
314.0643867  
35.60432363  
142.1779131  
10.74655103  
765.1313707  
238.4611069  
152.9679911  
1294.040314  
32.81262938  
177.1220951  
1154.030889  
115.0644833  
74.30325561  
1281.242933  
45.38788608  
253.6787981  
1427.841395  
201.3973177  
578.1044851  
519.7301314  
0.2231728448  
