37760.13027  
19123.11834  
3264.624458  
3883.469902  
1509.199329  
611.3405895  
1415.853756  
933.0642928  
1027.656859  
711.3370794  
150.1663593  
1271.107173  
1004.003035  
891.8860275  
1644.180683  
756.1778095  
2727.549922  
371.5406868  
533.7540434  
2045.174115  
1302.41016  
574.9215353  
2076.379404  
314.2951914  
353.44172  
483.2332424  
235.3668959  
360.889113  
43.41649976  
780.1399063  
630.7068081  
458.8417658  
340.3976512  
490.1116862  
583.3875211  
783.7758356  
338.1342457  
707.0002422  
883.4090061  
996.8883351  
384.3765854  
306.5937391  
675.1705006  
713.3440242  
25.91369484  
156.3005272  
802.251206  
142.3483664  
199.2324269  
176.2152955  
410.0334657  
1600.553776  
1546.602599  
201.5130231  
261.8918559  
970.9746791  
160.9654116  
27.85259647  
166.3154392  
1375.679346  
170.4779482  
270.9781817  
1971.426192  
258.9028597  
2445.73586  
210.9071187  
859.1068781  
2036.5931  
1164.622576  
1168.336812  
301.4469854  
567.2694213  
647.7750477  
443.9089424  
412.7019638  
435.8865251  
856.9773268  
506.3924182  
1689.929224  
2092.850645  
1172.738912  
11.81045367  
31.06755151  
865.6754792  
725.9463407  
165.2808374  
268.6156566  
26.7230093  
46.06101749  
366.9410687  
14.13322482  
240.061963  
1071.087  
631.9448662  
45.94970784  
1676.168493  
404.7887336  
1624.274298  
335.7751602  
153.2960186  
470.0670764  
1108.68258  
1796.649873  
735.4915548  
688.5639078  
741.3106039  
402.4120212  
161.9343653  
608.8152357  
143.404178  
13.90049023  
107.359695  
119.1442054  
732.3263935  
260.1407814  
166.574921  
400.6834792  
527.1567379  
62.30019376  
488.2484298  
58.16089683  
653.8002077  
150.2313427  
500.2922392  
1127.667303  
189.6872709  
636.5145397  
581.208473  
216.5262715  
359.2884466  
91.47986506  
1626.764194  
926.8080329  
1424.415318  
704.7356227  
74.39860628  
2323.605992  
978.7984076  
1457.418819  
1141.146687  
395.5116778  
363.8016902  
397.5224206  
899.1556566  
420.0067447  
178.3433526  
724.1224992  
52.49397644  
129.9593068  
247.6405156  
811.2711472  
46.16849655  
788.5814886  
1513.89004  
30.32751304  
303.8619374  
490.4361869  
8.376217529  
505.0755205  
73.38529367  
416.8448863  
1213.315613  
1313.741897  
490.418998  
1415.099989  
390.5858566  
3544.48372  
52.78462738  
482.8645499  
8.646023577  
1693.123409  
307.5259284  
1505.320002  
398.0021309  
735.8803556  
900.315786  
114.7828415  
406.5589959  
47.58784625  
373.7158349  
508.4221276  
950.6133971  
184.425799  
493.7318768  
493.6532856  
420.1868705  
1851.037949  
897.6062325  
143.6025781  
1284.134683  
537.4437945  
368.2655528  
587.9009502  
151.0833521  
207.2122633  
127.192501  
10.32281237  
146.5469993  
33.99289066  
227.6008618  
794.9906388  
533.6103871  
690.3299649  
242.9218341  
698.3821412  
1770.47445  
1113.108617  
283.5913507  
666.2576675  
885.507977  
52.15543571  
1581.205275  
1245.218955  
521.1639114  
970.7505681  
699.2758888  
916.1296664  
113.5904488  
205.1034863  
1605.949816  
26.14745263  
137.4722719  
708.7671493  
394.2598792  
561.0558904  
108.2652103  
2732.30012  
680.9838824  
2006.345722  
456.954511  
731.3127622  
872.8719322  
64.97933  
18.13562417  
1220.702879  
311.4157989  
1021.541243  
745.6623762  
501.372413  
357.4823508  
1235.536309  
888.7829634  
51.40982323  
2508.570652  
861.0969908  
192.3152689  
1627.565872  
444.1466815  
240.7680399  
676.493162  
1648.961775  
1250.222806  
90.81449558  
286.6292206  
91.251059  
60.7278264  
645.8078163  
36.87624006  
203.1605597  
163.463404  
163.1267939  
622.7252479  
254.078565  
168.9435702  
112.2710409  
103.4899006  
13.16756065  
527.6685827  
541.1842056  
161.5865604  
684.7770928  
561.9675327  
1732.892993  
570.6062336  
147.1935147  
1113.424111  
749.726196  
293.7552787  
1113.38627  
367.3560556  
774.2119168  
1015.313316  
121.3984738  
220.8772209  
544.0540499  
160.1101612  
155.1079108  
236.0665326  
920.8273415  
437.7335106  
676.8898909  
1146.342092  
1209.922396  
131.8810232  
256.2919263  
79.14188241  
129.7341014  
37.57891928  
78.06388038  
1013.235134  
126.9046107  
79.08894792  
871.3104931  
428.1266851  
45.70548867  
131.4905282  
2273.309089  
32.36719516  
503.9982738  
776.7552352  
166.3263566  
36.80397022  
38.96467353  
19.15859275  
419.5319208  
542.6283929  
222.5047562  
964.5770013  
463.3212945  
1406.400991  
73.8488793  
123.090275  
788.4233708  
1111.241828  
692.3462192  
132.647311  
997.6026597  
88.31547085  
1696.47605  
66.92077725  
244.9585079  
1622.798474  
79.91373516  
42.29921339  
103.6922956  
1306.939193  
268.2464665  
788.2161899  
166.4347705  
694.8967514  
153.1757754  
1234.352735  
751.6812378  
18.60134188  
110.1659318  
416.6179407  
296.5175949  
101.5039395  
1332.466623  
164.273438  
226.3746574  
908.9321919  
345.3697222  
1224.095879  
177.6473224  
638.9298179  
1170.481621  
42.94096961  
93.77787158  
856.8045134  
574.9277247  
318.0659909  
296.3643253  
2148.025694  
153.6571731  
93.55376099  
540.5331184  
64.6613694  
377.8240813  
425.8064517  
283.4795952  
1942.352804  
766.8143116  
121.0188308  
83.76407938  
594.0430378  
714.6058032  
30.47142121  
347.9060538  
736.91834  
198.3091723  
144.3437427  
577.0198054  
736.1217299  
323.0547562  
161.6133136  
