2661.394144  
8106.708558  
8192.647091  
151.5096551  
1836.741201  
1651.607213  
3269.204738  
1101.742649  
4388.51003  
35.888344  
273.8685141  
808.6341041  
2026.524572  
27.01599983  
2592.605757  
1798.043523  
2357.348647  
1442.031204  
699.5357777  
838.8694051  
2080.984537  
731.6462239  
4106.70113  
84.6070069  
98.66037745  
1051.195466  
156.1525636  
11.72065344  
82.01220054  
922.734973  
672.916906  
2607.604013  
379.4710801  
1683.846594  
330.2710436  
542.4088078  
201.4935954  
1166.035067  
655.2861496  
422.3220299  
622.267061  
866.455503  
1672.146009  
1581.984501  
16.81460489  
1173.975207  
3015.779676  
840.7290258  
13.49082919  
254.0926016  
49.51404331  
738.769887  
277.7906735  
521.0303153  
20.44517149  
472.6780741  
876.5810151  
1583.894222  
221.226244  
1156.439193  
871.9698866  
64.35758635  
1197.309593  
2059.013377  
1092.204626  
27.30072594  
642.9354544  
1013.532897  
479.1625085  
185.9731852  
1146.924582  
1230.704232  
325.1170981  
907.9830203  
1812.352118  
477.6000784  
2368.729919  
102.2608679  
171.6783583  
1355.338383  
755.2638737  
576.2260212  
704.1206828  
1311.180187  
175.7757745  
1006.71398  
93.81100235  
774.743187  
86.43300181  
1336.827289  
309.4962756  
854.3263973  
2442.195488  
69.56538273  
697.5011697  
1395.00861  
183.8334082  
603.025468  
48.72367037  
132.7750957  
69.26047683  
2826.069369  
2868.746732  
1172.509278  
734.9947415  
1126.723709  
831.3126809  
1995.615663  
505.5111809  
285.1184216  
338.7524602  
970.0267361  
276.3583137  
380.0012558  
528.6844863  
393.7819887  
1252.624638  
1237.30034  
1011.397229  
3560.146197  
167.6717669  
786.7450095  
2225.536871  
3114.871409  
1933.196325  
639.1377256  
167.9329308  
725.0804941  
70.61050904  
670.3994694  
369.6036034  
925.8774775  
5.250474071  
1109.609863  
162.3566119  
1463.713618  
76.11538481  
113.0843664  
587.8861794  
777.2651686  
89.12627923  
470.9401048  
164.6988328  
454.7595603  
319.4292935  
229.5780203  
280.9046727  
196.2506948  
296.1706166  
161.7979538  
540.4625873  
28.14768556  
2386.248361  
446.3921077  
2166.720176  
527.7267581  
717.8077981  
52.25278711  
35.9987709  
568.2644692  
92.07395274  
607.8502163  
1259.814461  
2551.396558  
5119.916603  
31.53521376  
1627.806263  
49.33289039  
990.2690859  
624.0992391  
937.572354  
176.6686714  
475.8026343  
678.3263187  
89.67638462  
912.5273703  
393.5752765  
513.3640615  
582.461371  
296.8076937  
1627.110783  
604.6779661  
774.6192153  
431.1313207  
1583.725813  
252.4030085  
21.24531746  
2623.104544  
72.1006462  
361.6615028  
407.1759185  
289.5840821  
273.6769416  
167.7245512  
444.8221187  
840.3425786  
468.0714033  
534.3244278  
577.519469  
80.51046147  
152.107398  
360.3441099  
802.8002369  
142.7241776  
195.9360859  
192.1280979  
325.5670627  
965.0393888  
514.8898477  
911.987128  
368.666678  
1392.228554  
778.2776035  
555.2111435  
451.8047593  
711.0047244  
1750.289475  
775.9567239  
732.8679573  
336.8930635  
243.1815246  
405.8799028  
283.8840399  
443.5477826  
35.65673179  
492.2516736  
1669.064176  
2490.974671  
758.5182594  
412.149538  
1554.879777  
625.0636606  
782.5281829  
81.63725154  
484.4571836  
212.2617931  
433.2653753  
3125.592043  
129.0301843  
317.6612716  
386.6230599  
44.17466783  
1207.204131  
630.1670193  
952.8811566  
886.3590792  
787.1960089  
976.8938101  
1359.797558  
1170.283997  
97.57224525  
731.8572606  
578.2718318  
846.4564061  
933.8725333  
232.3851414  
921.1461515  
68.33710309  
844.9686453  
244.8961767  
327.7655265  
464.8729848  
280.837258  
500.3866326  
59.1540745  
660.233157  
233.7540884  
858.196408  
1131.632332  
245.0020886  
125.3447038  
12.73493353  
186.395974  
1575.740458  
229.4847137  
134.6893635  
213.2988871  
288.4778277  
3128.705981  
1694.840657  
43.98686989  
216.480076  
278.6501228  
104.9148002  
404.0886186  
1123.015315  
447.1484488  
346.1524424  
1626.388698  
222.7625621  
809.5241786  
954.9926784  
850.8912309  
611.6968191  
185.2579483  
100.0216529  
202.0913748  
396.8623119  
613.4748892  
1103.506705  
262.009306  
1551.406602  
631.2117939  
1195.905847  
9.890655584  
423.4504887  
752.6546932  
48.60068818  
405.5774203  
190.9706251  
370.6562851  
190.9680441  
129.6710312  
400.1673674  
264.0495211  
990.5449779  
156.4363693  
239.9184336  
382.3957452  
231.298026  
930.6498818  
297.4842666  
721.7123115  
616.8209637  
228.8123288  
226.2447641  
359.0192098  
507.9532352  
136.1816399  
768.0286306  
192.6853134  
1105.675107  
458.2680943  
817.4960564  
1170.657554  
167.3119872  
1608.200402  
301.0211722  
570.6610627  
552.9660169  
507.8386548  
126.9441419  
431.6238525  
303.6690377  
1266.663787  
1221.178279  
519.4009432  
429.237563  
769.8951458  
436.3240019  
350.0876354  
602.9440299  
414.3306367  
781.2603839  
236.653157  
317.4447814  
975.5223808  
330.0407638  
215.6550371  
189.6052566  
484.98216  
458.0442086  
907.9772073  
42.67717166  
655.3304256  
889.8728901  
124.9428922  
664.093341  
557.2057994  
1812.072766  
754.4819423  
1397.819973  
91.98105622  
309.6928565  
95.90565928  
190.3475935  
184.5950923  
29.82236905  
163.5735937  
207.5512431  
661.1538223  
455.7236329  
1329.251626  
601.2604809  
311.557544  
403.1060254  
