28888.24072  
16042.68978  
1965.063171  
228.8588666  
3453.191177  
1521.00715  
687.1694553  
896.1757152  
2350.669429  
2322.198303  
44.94026469  
621.8178307  
217.0959172  
6303.774626  
149.8592658  
604.0581751  
20.03900838  
1587.836777  
105.3648885  
18.74074264  
1682.400556  
2675.831136  
1073.802545  
764.2016803  
1770.991466  
1319.895634  
1088.917398  
59.07602202  
1965.325252  
1786.603048  
1523.375069  
60.77355779  
541.2044208  
315.7909147  
61.31943789  
3943.283845  
99.73814481  
66.16606091  
1071.947518  
1198.013999  
1408.628946  
724.0276783  
169.2538588  
1740.085511  
213.441442  
1137.117006  
3464.298353  
265.1633097  
146.4462064  
548.8687091  
134.1810449  
1185.963655  
372.8250216  
742.8327631  
1696.231394  
709.8788011  
310.9256349  
62.34048867  
302.576679  
1902.279338  
303.2880911  
92.17907981  
54.76515118  
516.3028425  
1384.284208  
1052.686498  
565.3290849  
1164.671823  
59.55967459  
487.6817441  
46.4443889  
2274.821359  
1154.21741  
491.6011979  
75.563816  
175.5638402  
38.21397626  
369.4315892  
2544.840107  
510.0609577  
199.2148306  
206.5125228  
1507.884441  
291.5807226  
4072.731558  
249.9103181  
1678.939403  
1477.113065  
77.75543965  
86.44781835  
779.4475528  
902.6471091  
2071.117153  
1404.68217  
42.93731842  
374.564647  
171.3303224  
356.3868118  
755.0943058  
340.2180479  
338.2847312  
891.851952  
23.35073228  
775.0625976  
54.50312867  
87.72933155  
51.11086732  
301.3470873  
1077.49986  
422.8542243  
1004.245153  
558.0159865  
301.5663399  
180.0822254  
1236.444219  
607.103599  
234.964261  
1108.564176  
30.45936593  
1225.11864  
60.97619491  
131.4219527  
132.819551  
115.5273514  
278.9318943  
111.1070076  
232.1770633  
735.88806  
322.6904594  
481.3189134  
1202.52203  
28.09400989  
878.4962643  
837.7708444  
924.6126529  
680.3416357  
176.0161874  
708.2495891  
347.7900934  
227.6299632  
292.805975  
756.4254335  
288.6986965  
47.00129407  
480.5857061  
237.1023861  
170.1197299  
840.0599981  
307.0105305  
850.9235476  
2034.891661  
2093.981867  
209.6637252  
534.6073324  
156.962659  
371.4563896  
1043.264211  
107.8791454  
73.06210006  
331.047723  
18.44890163  
635.5536229  
1277.244141  
125.6301893  
1535.880572  
333.7604146  
740.8123135  
2483.573134  
584.301673  
130.6370596  
2023.852697  
468.3197654  
202.2299482  
113.9926195  
1053.875089  
186.9322582  
771.7891596  
57.56736955  
483.048486  
414.8632826  
1809.634707  
1630.419653  
283.4238735  
491.4497057  
523.8799218  
45.51588658  
1488.476414  
244.9391071  
1389.884168  
1030.582967  
559.5185187  
50.82542144  
1071.246596  
703.1939441  
381.7810011  
11.47700537  
262.9989468  
1146.579924  
363.9883271  
766.0074039  
235.0588212  
1300.967117  
2907.69577  
32.17699375  
175.7702981  
233.0819828  
192.1038399  
8.365400335  
117.7247763  
9.007040541  
100.1547028  
516.2733484  
1618.813821  
512.7067217  
137.4778631  
756.7093249  
199.8362958  
687.1049636  
958.1222629  
238.7473689  
336.5743723  
97.6201063  
407.6072384  
1646.451314  
300.3181823  
91.0983714  
159.2886535  
138.8907988  
935.7705925  
1399.128651  
503.495444  
287.4314944  
153.8129562  
86.61023792  
161.7054427  
208.9529531  
1732.015859  
277.2957622  
68.60366382  
101.9336323  
463.6275514  
304.3885946  
304.3046659  
258.4597158  
29.0202993  
979.0287274  
332.0165226  
1262.152776  
415.1922397  
288.8390345  
26.40085495  
1293.790574  
146.1465148  
1636.346599  
152.8794605  
1339.902322  
34.26837484  
231.075564  
54.69695112  
272.1141513  
1413.264476  
519.2321656  
478.4471545  
255.2443527  
65.35295349  
515.202497  
186.2456201  
681.4961462  
12.11266631  
20.56381826  
88.56978182  
407.6456507  
1248.348745  
1188.488262  
584.5049412  
474.1142626  
338.081591  
65.09026623  
495.9934499  
207.809588  
840.3205353  
153.9850069  
458.8576077  
975.8806745  
1377.569503  
221.2403123  
3585.012681  
312.606313  
431.7883864  
32.70617573  
2141.881815  
259.7703366  
602.5129017  
339.5570692  
45.30313034  
289.3802437  
3.868913972  
740.4655785  
1072.431382  
1025.165178  
166.6537978  
425.3941756  
74.55214117  
710.1356145  
2785.208712  
249.2578532  
308.2081503  
228.1833299  
374.9019755  
247.0599033  
255.3825011  
516.8910203  
167.3107584  
864.6648532  
775.0492328  
226.155954  
433.3451804  
739.5654783  
187.0199877  
1120.925523  
246.0875473  
281.672495  
1918.636587  
81.18781795  
788.5659821  
58.05309727  
716.0942265  
244.935975  
179.631238  
194.7501082  
147.006927  
188.3684473  
933.1151256  
1234.317995  
1006.445868  
736.7860162  
25.06465176  
380.3996083  
601.8287963  
1174.988483  
1347.262808  
370.0825581  
1310.247877  
242.844315  
999.2495981  
227.6376203  
800.9336973  
544.6892768  
462.8016661  
72.15406463  
1185.448643  
1162.841832  
543.0400411  
361.7437964  
153.1228255  
1024.832529  
420.2074823  
1.37024995  
1185.589379  
388.9085495  
84.97361145  
807.0613633  
619.3612999  
741.6987541  
1042.703925  
215.3790167  
1500.595923  
160.366201  
433.9710426  
312.6519924  
460.7653038  
906.9667508  
241.4492514  
198.1926463  
905.4150917  
119.2160027  
65.35499123  
51.96206351  
197.8105765  
1166.668828  
160.7873017  
6.360761598  
315.1936961  
71.07338525  
381.3842538  
494.9845016  
