10395.60694  
11.59731373  
570.2505679  
3384.252885  
3644.76361  
1942.318517  
1254.908651  
766.3189573  
237.0253049  
1606.027708  
2126.645974  
1327.578986  
129.3611736  
2523.688551  
382.6638699  
341.4109642  
443.6965446  
765.1372878  
402.4307149  
669.4901033  
1289.343116  
633.2294078  
238.5313433  
971.962598  
74.25191299  
1005.511328  
850.0794919  
474.9738656  
707.0119175  
1285.843212  
77.8309645  
65.25009685  
1086.523977  
554.8622511  
445.8631309  
593.7428397  
852.4946635  
290.7164043  
244.6370165  
257.6932488  
499.9429975  
907.9881371  
159.0917869  
653.8639889  
298.6192645  
491.9451401  
1406.755918  
1059.229931  
101.9563395  
805.3354695  
1074.253838  
468.6594189  
1987.203078  
278.4350884  
1129.687681  
1288.111686  
1305.735  
636.7565553  
1017.129707  
347.5884788  
2281.459495  
1716.887264  
145.890558  
39.47137195  
517.9526684  
1172.583119  
511.1929571  
408.9199255  
1154.444503  
524.1510895  
45.43700706  
1098.643908  
743.3285047  
653.9835444  
993.4263445  
577.5719864  
276.1564809  
190.2205697  
350.467058  
117.8867723  
598.8710757  
1756.545691  
144.8256119  
297.3621293  
1674.340445  
502.4525307  
81.24836789  
3694.656416  
416.6007746  
990.1215863  
707.3722349  
1599.786143  
109.0847581  
145.288501  
786.8024688  
656.8604599  
1174.125578  
44.55736877  
153.0153132  
673.8851654  
155.4600302  
1839.924105  
1317.921731  
1252.126748  
334.1706242  
285.2888512  
103.3134408  
39.19793412  
589.217321  
131.6278066  
1672.717049  
451.5273613  
2450.187611  
556.6710442  
1227.382222  
581.1585077  
783.4145409  
972.0213573  
1721.489379  
283.9718652  
174.6914236  
351.1891624  
1084.608301  
783.3826613  
1097.842528  
1636.680059  
1516.981705  
972.9344468  
88.44286449  
241.1552548  
1283.051941  
7168.84467  
594.4244918  
456.9411079  
488.0992145  
599.3442941  
1221.882095  
223.5118633  
1648.922335  
760.6362141  
1052.249306  
971.5876891  
1028.198475  
131.0910096  
1162.678642  
547.0213507  
951.269531  
324.7132651  
20.523578  
53.87444234  
2897.813272  
7.707034973  
1183.796686  
314.9902978  
80.14453131  
296.2826897  
23.57347326  
929.5285558  
115.3929605  
2608.591673  
851.1289904  
542.2782696  
689.4625098  
619.7479029  
517.4042896  
1022.358016  
39.31448551  
114.0936284  
507.0478923  
121.5779423  
1491.489495  
301.1447476  
401.6915562  
460.1183147  
390.3401897  
165.6787321  
163.2114332  
124.4571836  
1537.756286  
586.5234056  
200.6530399  
326.670839  
510.2923182  
1134.884484  
2993.686565  
264.6915411  
229.0885922  
288.1848251  
11.85043709  
1362.768262  
1390.242986  
238.8792084  
294.1801994  
2896.135536  
1145.958464  
1758.160073  
1022.796566  
3.324557683  
117.1234129  
917.898172  
1173.864179  
1019.487825  
363.3080053  
306.3906293  
76.20325842  
781.403931  
477.8696674  
273.1193631  
143.2960837  
815.5056604  
116.7002465  
1089.313383  
221.8131173  
371.1137743  
367.4019195  
568.2733921  
1126.355888  
559.9115771  
524.5173885  
4417.154213  
1399.479093  
401.7495398  
86.88929655  
1211.981964  
618.0733581  
2900.017792  
180.3110232  
947.0432769  
629.7622594  
98.34679541  
129.3278309  
1014.93074  
840.8344667  
252.1946046  
37.52955885  
175.4236048  
437.6344762  
1263.239843  
315.5812465  
245.8397569  
462.4498411  
191.1147099  
1370.257708  
357.1330425  
210.5250408  
68.98549588  
691.1131391  
342.8570147  
2241.693514  
399.9041682  
88.83537671  
1566.281229  
561.5050541  
389.9122218  
1017.25864  
1195.003613  
1304.523755  
267.6733032  
1061.867884  
1093.745517  
3.347759976  
528.4933263  
482.7056119  
350.8276368  
1837.475443  
215.3001374  
193.5128684  
318.2000562  
33.98147202  
1291.224181  
5.631271496  
746.9373418  
788.1658503  
185.1418392  
571.5963993  
325.6823843  
283.1575601  
325.7846078  
875.6333662  
1341.273224  
1179.479305  
183.7805654  
548.1155511  
806.3942964  
726.3474909  
1433.705834  
443.6224015  
453.2240754  
425.275399  
127.0002547  
670.6436804  
1050.691494  
645.2462705  
11.78961799  
22.69662317  
4252.665801  
24.05033252  
205.0894219  
758.8501577  
198.7893826  
589.3829055  
704.8963134  
3422.303904  
442.4123869  
137.7716185  
938.0587216  
30.17103831  
89.94755711  
60.76126394  
353.2356062  
446.4630604  
1422.580137  
512.5745436  
220.4570411  
693.2234078  
930.7715491  
362.3696096  
219.4156392  
881.0662639  
469.2608635  
399.3294292  
882.0071681  
404.4986127  
1153.485322  
110.9686108  
560.3953928  
763.6464027  
116.6187452  
327.4533502  
639.249969  
294.06132  
273.7334261  
990.3252138  
496.9310198  
552.3608461  
607.63011  
287.8821309  
565.9014819  
2000.417238  
981.092484  
166.6084596  
1855.621819  
1027.994706  
1051.805255  
329.8790448  
949.5234864  
384.170855  
156.636892  
770.0366648  
250.2641942  
1523.410804  
798.5428374  
1316.86592  
82.77610432  
46.12681377  
406.2017167  
297.048247  
100.591535  
360.0030455  
2728.440934  
646.2824245  
1054.090772  
369.3545278  
833.5357087  
1288.624312  
1871.497869  
22.37337952  
101.6621929  
51.97936418  
1538.047659  
866.6640625  
648.442217  
243.0650908  
274.7432273  
688.1836741  
155.3018449  
2184.426217  
169.535163  
334.6718658  
1337.715291  
146.9907016  
305.1467171  
1446.801144  
396.1393168  
144.020695  
520.6085878  
