-0.6635209131  
1.022391622  
-0.7017529345  
-0.5395541037  
-0.3237227196  
2.399257474  
-0.2394666061  
-0.7524220206  
-0.6539160861  
-0.3334555757  
-0.5434167472  
-0.7504407362  
1.668953122  
-0.1905909521  
1.910166482  
1.548414489  
-0.1965113763  
-1.099543737  
-0.3470949859  
0.0447856553  
-0.7894430417  
-0.781639221  
-0.7344844992  
1.565579082  
-1.143822339  
-0.4931941023  
2.087999363  
-0.7130249948  
-0.1285179837  
-0.5231109586  
0.3059546246  
-0.925232172  
-0.5387227193  
1.375067334  
-0.486883457  
-0.3852829062  
-0.8400532538  
-0.9847025502  
-0.1757742687  
-0.7634906785  
-1.177036038  
-1.145703061  
-1.203196388  
-0.6361162461  
-0.9000779115  
-1.051243612  
-0.6737859957  
-0.7667854717  
-0.9011930231  
-0.9719466544  
-0.6251013802  
0.08480969783  
0.6723046483  
-0.09511443419  
-0.4267479178  
-0.4630611366  
-0.2340315015  
-0.8074547906  
-0.8071876111  
-0.770349882  
-0.8187246671  
-0.6307942249  
-0.8844365121  
-0.09446837424  
-0.7564948724  
-0.7652187314  
-0.6655146087  
-0.3222890421  
-0.9045210196  
-0.6611171912  
-0.8423350098  
-0.725271087  
-0.7268720048  
-0.4792889718  
-0.6217750333  
-0.8855426611  
1.023308602  
1.958703139  
-0.4628157683  
-0.6318689516  
-1.312593375  
-0.6386268687  
0.009129253041  
-0.6928025202  
0.9320577171  
-0.8766169311  
-0.9818126958  
0.754661071  
-0.6625499606  
0.1170839264  
-0.6994141095  
-1.005013602  
-0.7007720121  
-0.9051209607  
-0.7132748669  
-0.7523826592  
-0.4220221395  
-0.7065735944  
-0.8741591226  
-0.7549326586  
-0.4508609534  
-0.8370282151  
-0.8369098218  
-0.1034666936  
-0.9498289189  
-0.4996588427  
-0.544060613  
-0.8026521046  
-0.6292118373  
-0.6598500014  
-0.5883860897  
-0.6005841815  
-0.9009518007  
-0.4377291235  
-0.7882575791  
-0.6921079074  
0.9536239151  
-0.5152123967  
-0.6141290126  
-0.6789842708  
0.09492340258  
-0.9996509402  
-0.8828720764  
-0.9836258597  
-0.7937466305  
-1.000762545  
-0.647852569  
0.0834861346  
-0.744369562  
-0.6564611849  
-0.9529875231  
0.7873067832  
-1.393465133  
-0.9326007714  
0.4266055181  
1.320341434  
-1.078039911  
-1.095185528  
0.2131640779  
-0.9445004197  
-0.9256625449  
-1.616686727  
0.4243170754  
-0.9236332585  
-0.8271068947  
-0.506056654  
-0.8768270736  
-0.6687298073  
0.0701552749  
0.5617203542  
-0.3139785519  
-1.303923342  
-0.7818085514  
0.5159691434  
-0.8532560494  
0.02036866217  
-0.9552782865  
-0.1743566849  
-1.020608572  
-0.82818043  
-1.087218258  
-1.019360687  
-0.8581984982  
-0.7660049987  
-1.054519784  
-1.113260643  
-1.152382847  
-0.9617759065  
-1.275520677  
-1.087939649  
-1.136905819  
0.8012542504  
-0.8574685204  
-0.8358772464  
-0.9225162823  
-0.6047100558  
-1.370121939  
-0.9967943104  
0.241828849  
-0.8282510439  
-0.9872255836  
-1.007198871  
-1.245289418  
-0.9167243485  
-0.7483444063  
-1.059753081  
-0.7271394143  
-1.244256678  
-0.8694504111  
-0.7531612043  
-0.8493356267  
-0.8645960677  
-1.181301172  
-1.014329979  
-0.749252095  
-0.4786774796  
-1.112210892  
-1.038685593  
-1.305169291  
-0.8182975618  
-0.8961788679  
-0.08587848351  
-0.8029868837  
-1.042743496  
-1.092439948  
-0.6676786599  
-1.008758052  
-0.9405553757  
0.1305487634  
-1.104018286  
-0.9136339855  
-1.04418998  
-0.9876865592  
-0.7857840557  
-0.8869685008  
-1.253172923  
-0.8115992307  
-1.227961908  
-1.335527617  
-0.6791463416  
-0.8670509437  
-1.203678542  
-0.7414136706  
-0.8915997506  
-1.163177617  
-0.651488191  
-1.238233609  
-0.977529784  
-0.7089026351  
-0.9364477889  
-0.5591615958  
-0.692237249  
-1.203982296  
-1.162019139  
-0.9440018276  
-0.7145232738  
-0.9676909529  
-1.060336734  
-1.079059516  
-1.040571203  
-0.5093378263  
-0.6680542545  
-0.9171794767  
-1.164776588  
0.1186439268  
-1.251255475  
-1.231487781  
-0.8920115405  
-0.9370222292  
-0.1480678448  
0.3442715015  
-1.196766209  
-0.4262696522  
-1.002710026  
-1.212884531  
-1.097923357  
-1.117046584  
-1.151183494  
-1.09158482  
-1.032520603  
-0.8760220598  
-0.9806262013  
-1.110844322  
0.4111963383  
-1.223704781  
-1.11268895  
1.627499589  
-1.167971709  
-1.147351837  
-0.02373672234  
-0.819311014  
-0.6169430066  
-0.9713427036  
1.143648669  
-0.5536110927  
-0.930678802  
-0.9312958262  
0.4013499758  
1.120727064  
-1.264151989  
-0.8136205223  
-0.1729739842  
-0.9741578045  
-0.9951906588  
0.8570451633  
-1.099478139  
-0.9580668372  
-0.6914958545  
-1.067844449  
-0.8604703659  
-1.103038205  
0.7973822005  
-1.061241244  
-0.9438623607  
-1.179273572  
-0.9371219882  
-0.7983197471  
-0.78433293  
-0.7672739906  
-0.8865904953  
-0.1983381989  
-0.6336381701  
-0.8129690959  
-0.812500808  
-0.7997703642  
-0.2878384097  
-0.5356158213  
0.1202922091  
-0.6503865006  
0.1068786505  
-0.5666835142  
-0.5144244876  
-1.307997856  
-0.5943475203  
0.6502585807  
0.4280925594  
-0.5873720683  
-0.5469014421  
-0.6543788846  
-1.077820371  
-0.8199664604  
-0.8145109041  
-0.9344002668  
-1.231124866  
-0.9898735934  
-1.24954591  
-0.9763204072  
-1.17988858  
-0.8178678297  
-1.284702358  
-0.9913876911  
-0.8016798438  
-1.066653639  
-1.330514601  
-0.4434002066  
-0.2677533107  
0.1760668377  
1.103448556  
-0.03578481148  
2.518304913  
0.4204402796  
-0.1501202412  
1.874890913  
0.1446409768  
0.153057375  
0.1756567464  
0.5255080665  
-0.07971650002  
0.8174941517  
0.2211544749  
0.772154516  
-0.3122954644  
0.4022633823  
0.1779099276  
0.9180206985  
0.553783973  
0.1665701726  
0.09506196162  
0.01777763152  
3.256892217  
0.312073072  
-0.09043283784  
-0.08777046361  
1.028162126  
0.4764408305  
0.5676452179  
-0.06711766117  
0.1314199885  
0.4139435458  
-0.05460769131  
1.700464202  
2.583200102  
2.291554835  
0.8635485642  
0.06175739944  
0.5138909928  
0.137933436  
-0.09163675253  
-0.1194651906  
0.6391781755  
-0.07764063352  
-0.1839475448  
0.1092097589  
2.426230778  
1.584813407  
1.131193474  
0.1516558765  
0.4343135111  
0.4060898823  
-0.1332122374  
0.1001683189  
0.7750655833  
0.05443181383  
0.08629072021  
2.489553809  
0.3558833711  
-0.3720856855  
-0.07598372403  
0.1734936245  
0.2501768225  
0.4680019316  
-0.1742676626  
-0.07000416622  
0.1932368777  
-0.06126614109  
2.82237171  
0.2509526166  
2.155966743  
0.05797078739  
0.09472099244  
0.3932150417  
0.86943817  
-0.2808210027  
0.6955005642  
-0.04630181675  
0.5572410223  
-0.04412211562  
0.08099542293  
-0.09183196632  
0.2416400137  
0.2027748987  
-0.1938287695  
0.1296829556  
-0.128423019  
0.2474939152  
0.1034800316  
-0.06131573569  
0.756581673  
0.6661198651  
0.2911146777  
0.07090645862  
0.1404573145  
0.175602421  
0.01530919182  
0.7258545339  
-0.1548823622  
-0.0665968172  
-0.01373902643  
-0.261532097  
-0.02382388075  
-0.1095231512  
-0.2462859489  
0.04236770457  
-0.1827965227  
-0.151459602  
0.1597489447  
0.08002814471  
-0.1823526011  
0.006030367447  
0.1029012124  
-0.03359220077  
-0.1480858947  
-0.2066281298  
-0.08624975529  
0.03793338427  
1.72611014  
2.437896223  
0.3617802767  
0.4882321604  
0.2356215842  
-0.004401079078  
-0.002683573585  
0.1204573749  
0.2607657768  
-0.0442687117  
0.2348292805  
0.372541681  
0.5818556677  
1.639434678  
0.08102473043  
0.7891473453  
0.6172090365  
0.8935036945  
0.1297908686  
2.51077471  
3.522235051  
1.686114497  
2.336419318  
-0.05219931185  
0.2299258804  
0.1807287168  
0.1099716355  
0.3778711911  
1.220767163  
-0.01680034241  
0.1768466567  
-0.3824910919  
0.200349871  
0.05615320745  
-0.1103144875  
0.02487774924  
0.1991675421  
0.1409342287  
0.309192266  
0.5386558881  
-0.1585257455  
-0.1866252937  
-0.106459467  
0.2315678108  
-0.1039832693  
-0.1430358233  
0.5222815433  
0.4226565339  
0.4671556526  
-0.1028868963  
-0.09326351655  
1.165040564  
1.877825148  
2.512048131  
0.1590768144  
0.6233196686  
0.2110966488  
0.01299741205  
-0.1928867131  
0.3136064182  
0.3447668207  
0.3367975689  
0.2959151306  
0.2711873388  
0.3345660632  
0.4269332622  
0.4461547703  
0.5033133183  
0.3960556003  
0.001385936663  
0.2635979238  
0.1490586804  
0.6143120112  
0.1563681481  
0.2627482769  
0.3490932016  
0.3203233535  
0.4066890542  
2.559775945  
2.52143356  
2.493251452  
0.5030359623  
0.4496658259  
1.040900111  
-0.05273679198  
0.4208476965  
1.356324305  
0.04326498297  
-0.00715868704  
-0.008774111322  
0.426604888  
0.07229313788  
0.1713574407  
0.2170215373  
0.4630475068  
-0.1688977679  
2.199766451  
0.3470979157  
0.3840809342  
-0.2031587472  
-0.1142971486  
-0.3861485535  
-0.4382193427  
0.2223951752  
0.2529696022  
0.4382565694  
0.183736695  
0.8186327148  
-0.3120518714  
1.783495708  
0.418275054  
0.1090553536  
0.7695102687  
0.2981717234  
0.5077853487  
0.5156834394  
0.4076838974  
0.0509499633  
2.060344253  
1.380587623  
1.213684301  
2.163642029  
1.079241234  
0.03328314442  
-0.1064164627  
-0.1708726198  
1.47656216  
1.896940803  
0.04588533593  
0.1621844438  
0.04456473081  
1.732292647  
0.1428928482  
0.353147986  
0.9537213344  
0.3335836222  
0.7622172061  
1.710309201  
-0.02209278767  
0.1338750469  
0.537787193  
0.1040758305  
-0.1117452244  
-0.2299815949  
-0.163158961  
-0.1252900135  
0.2590253648  
0.07031143726  
0.1731901541  
0.3455659285  
3.37415233  
2.06815014  
1.201590562  
1.081393084  
-0.3566539951  
-0.1704622358  
1.021198668  
1.849322124  
-0.02739085259  
0.5101573285  
1.731462023  
1.077573579  
0.1325391847  
1.550415292  
3.150797118  
0.233803901  
-0.04138208905  
2.341117859  
-0.04461468059  
0.01997273455  
-0.106244453  
3.864635582  
0.07915075552  
0.500895496  
-0.004170605871  
0.6558851746  
3.704352388  
2.103197512  
0.2324076434  
0.4034115147  
1.242307574  
0.2495501437  
1.638290368  
2.075471826  
0.6296842893  
1.076725131  
1.187783404  
4.328200757  
0.2195540256  
1.459614533  
0.1404496556  
-0.4240747967  
0.1478545842  
2.174866334  
-0.171227997  
0.01521991198  
3.218641319  
3.51505048  
0.04953503115  
-0.1765651817  
0.05243517913  
1.181572851  
0.1953390649  
-0.2345971768  
0.4823456641  
2.650184292  
2.094817463  
1.941851688  
0.4521944787  
0.3313130189  
0.3427087549  
0.4451849819  
-0.06721086051  
-0.6217347874  
-0.722634317  
-0.4453527643  
-0.8149786626  
-1.232561103  
-0.7829625157  
-0.005698678728  
-0.5664105698  
0.7820366285  
1.397539829  
-0.76559062  
1.900642118  
1.746301794  
-1.148893225  
-0.6306656402  
-0.4354207247  
-0.8729229907  
-0.6900474786  
0.2658799772  
-0.6425155716  
-0.490982675  
-0.41674161  
2.951226142  
-1.114889245  
3.032923285  
2.127447458  
-0.7587847394  
-0.1350618847  
-0.672183685  
-0.4271086489  
-0.4397132104  
-0.6518273867  
-0.4490813691  
-1.059522836  
-0.8379256611  
-0.7383458918  
-0.6791657478  
-0.4741315257  
-0.01981363917  
-0.2528463551  
-0.4658587  
4.209738078  
-0.8216404732  
-0.4241370069  
0.9229570831  
0.4693363557  
-0.7434637929  
2.006700224  
1.238811784  
1.032717925  
1.543167026  
-0.2191542133  
-0.8517392708  
-0.9320098198  
1.672443603  
0.5060470299  
1.418432934  
-0.7422779623  
1.360401727  
2.36257529  
-0.3695162288  
-0.824424006  
0.2311014318  
0.6813882886  
1.719991275  
1.656529328  
-0.9303004114  
-0.8990479982  
3.367181876  
1.467051845  
0.9376805435  
1.494632954  
0.2456792561  
1.584482468  
0.6977987327  
-0.5831689608  
-0.7936877297  
-0.9556433287  
0.0006910419729  
-0.09014405229  
-0.4249691538  
1.123374816  
0.6046436267  
-0.5375147241  
-0.501668238  
-1.20746238  
1.61929766  
1.412448072  
0.6884251929  
-0.8248839981  
-1.093311711  
1.827029284  
-0.8414344744  
1.122597183  
-1.050465341  
-1.070618411  
0.1880883271  
1.320679886  
-0.5785482388  
1.970835585  
1.30680942  
-0.8820244804  
-0.81139825  
