-1.151364819  
-0.5533180357  
-0.2966293488  
-0.9861857889  
-1.830298107  
0.1979446192  
0.03524407158  
0.6540245326  
-0.1707099525  
1.323494279  
-1.031950031  
0.07022066541  
-0.4144676803  
-0.09951720266  
-0.3633750911  
0.8139743157  
-0.1818158789  
0.1755067343  
-2.087164826  
0.4807039308  
-0.2141408598  
0.3563104534  
1.170592506  
0.3429533885  
1.790001183  
-1.097325878  
-1.924731172  
0.1576223791  
-1.809539031  
-0.943373225  
-1.116553193  
0.2922714412  
-0.6128601428  
-1.593146173  
-0.54847707  
0.172843212  
0.4621905608  
0.9938787371  
0.7925378771  
1.685283417  
1.805057836  
1.848604622  
1.176284139  
0.05246047992  
0.1501011623  
0.8458403054  
0.4952129411  
-0.9133886722  
-0.09786493667  
0.132817698  
-1.354785503  
-1.075567294  
1.154114305  
-0.5337219376  
-0.8963937935  
1.139515835  
-0.8228676886  
-0.1556980127  
-0.2221521419  
-1.236833103  
-0.2079569875  
-1.216641766  
0.9381347845  
-0.7939998376  
-0.3046091605  
0.5287273065  
-0.5241659498  
1.227573743  
0.3430455204  
-1.216287135  
0.998027156  
-0.03483289552  
-0.5565485892  
-1.083788805  
-0.9214131851  
0.4614032801  
-1.310306242  
-1.760298303  
-0.7520133613  
-0.4453308534  
0.5721933104  
-0.2887326334  
0.7451660389  
-0.6999430532  
-1.26289339  
2.403255748  
0.8628106078  
0.520232674  
0.4681207892  
0.08876592754  
-0.09957332566  
1.049009819  
0.516215913  
0.3044949927  
0.4220062863  
-0.2271553904  
-0.8921577316  
-1.431036581  
0.2967060948  
-1.302443233  
-1.361256807  
0.3149717178  
-0.07202704279  
-0.4520882795  
-0.63154709  
-1.240567946  
-0.6582448304  
-0.1551367378  
1.135946946  
-0.919196783  
-0.5457053624  
-0.8334944122  
-0.4604120571  
-0.5552206015  
0.1344243834  
-0.2545109736  
-1.311583483  
-1.75343337  
-1.359781833  
0.2839496234  
-0.5249823903  
1.230230535  
0.4056480737  
2.178507675  
-0.8930522426  
-0.4351418808  
-0.04406069976  
1.398896938  
-1.15694708  
-0.556089297  
1.781781761  
-0.78411542  
1.244917949  
-0.3388508989  
0.04287557315  
-0.9498105592  
-0.009683022578  
0.1289598861  
-0.313781595  
-0.8989546585  
-0.6449311256  
0.2731739163  
-1.620531782  
-0.7535276912  
-1.330378327  
-2.119531242  
-0.08442178887  
-0.9356505657  
0.1756923127  
-0.2083094525  
-0.03806849571  
1.115089024  
-0.5372279855  
-1.38008802  
-0.03036922881  
0.1291691768  
-1.443757125  
-0.9840431281  
-1.280164795  
-1.025294707  
0.2444772644  
-0.5095675247  
-1.251677162  
-0.8141392975  
-0.09219832265  
-0.8591366285  
-0.345549043  
-0.602003276  
0.4595341698  
-0.1154312857  
-1.064211437  
-1.868375037  
-0.9578064968  
0.7703589894  
0.6504862321  
-0.1815452932  
1.522376002  
-0.2559408624  
-2.609172516  
-1.263016398  
-0.4088875116  
-0.4789193282  
-0.8186872793  
-0.09118977548  
0.002292774391  
-0.1668670106  
-1.119694307  
0.8537938632  
-0.6556156038  
-1.124641739  
-0.5001293576  
0.224514358  
1.420811584  
0.0003155564954  
-1.948044945  
-0.834666317  
-0.1206040566  
0.03824838245  
1.471381665  
-1.955288165  
0.65931913  
-1.276633483  
-1.87939616  
-0.2863597891  
0.01563272104  
-0.09415698706  
-0.8765719747  
-1.476463427  
-0.6052006696  
-1.70125257  
-1.007758177  
-1.403882946  
-0.5774202338  
-1.128471828  
-0.1858281516  
0.09427804489  
0.3395850434  
-0.06410836575  
0.1908788757  
-0.4750014525  
-0.4230175209  
-0.2051558501  
-1.272160547  
-0.9946630492  
0.2158770458  
-1.726904503  
-0.8218360991  
-1.643646306  
-0.777280159  
-0.9956152974  
-0.982634643  
2.95569458  
0.6936053794  
-0.3327305271  
0.01545548121  
-1.418569423  
-0.8028188359  
0.7113012376  
1.055929285  
0.005498389013  
-0.7980921376  
-0.02666029483  
-0.5846991976  
-0.1723789157  
-0.8544449076  
0.7056925534  
0.8210144714  
0.09398175487  
-0.07757023789  
0.2338087239  
-0.9982038502  
1.039695082  
-1.059367314  
-0.3217920809  
-0.6378384443  
0.447673038  
-0.106915497  
0.8331818158  
0.8224352216  
-1.215987823  
-0.4917084059  
-0.4279339068  
0.2859495951  
0.05617385949  
0.929546922  
-0.03356800944  
-0.7902270816  
0.8283798717  
-0.1830662593  
-1.186993243  
-1.237817481  
-1.040394788  
-1.644848867  
-1.444482088  
-1.59437111  
-0.9154897269  
-1.034620498  
-1.285054471  
-1.778847408  
0.2522188371  
-1.0409613  
-1.35663082  
-1.338396914  
-0.9840104764  
-1.925834027  
-0.5093232129  
-1.418583781  
-1.191228155  
-0.4405016044  
0.9599588764  
-0.7175508735  
0.1213576925  
0.07742910034  
-0.6019409007  
-0.0538768219  
-0.1602484393  
-1.153037681  
0.9022072532  
-2.029474716  
0.472154423  
-1.216646308  
-1.13018495  
-0.4502220771  
-1.248609104  
-0.2634436359  
-0.5895917448  
0.1472720873  
-1.58162208  
-0.9422188436  
-1.15335989  
-0.0987728927  
-1.757740827  
0.71502822  
-1.623158311  
-1.013013069  
-0.6376208269  
-0.3571830423  
0.6736080573  
-1.904945986  
-0.3459823245  
-0.8413413403  
-0.5856152699  
-1.409674858  
-0.0931652883  
1.208806934  
0.2293840691  
-1.51429039  
-0.1024259371  
-0.4939850176  
1.024108065  
-0.08494833459  
-1.714027871  
-0.9432947533  
0.5132343757  
-0.07574869051  
-1.481030129  
0.2027007817  
0.3218926239  
1.582888239  
0.2343164085  
0.4519071189  
0.954602281  
-0.4788330969  
0.9369490347  
1.062481409  
0.4576664023  
1.289715865  
-0.8378515737  
-1.481664588  
0.7274334403  
0.2764820587  
0.9426734478  
-0.9258513633  
-0.04455967649  
0.1947020667  
-0.6449719474  
-0.4792436909  
0.3962184608  
-0.2643024326  
-0.1905750816  
-1.020630781  
1.350029974  
-0.08461566483  
-1.08212228  
0.4943147849  
-0.4454302938  
0.3632076055  
-0.6376016298  
0.611343997  
-0.4043911441  
-0.6706158114  
0.01670818295  
-1.085185785  
-0.0727132286  
-0.468196611  
1.934822693  
0.009460735354  
-0.1624117541  
0.5873899667  
-2.130932106  
0.1146099616  
-1.057391882  
0.1536187187  
-1.343562221  
-0.1286364749  
-1.1384526  
-0.245023054  
-0.3946834942  
-1.697651517  
-0.8910459511  
-0.1418688301  
2.345217405  
-0.2348819639  
0.7855885618  
-1.198558647  
-0.5774923968  
1.595012405  
0.4476140696  
0.2783226834  
0.5154635609  
-1.002481133  
-0.4752722866  
-0.8904515044  
0.6879474293  
-0.4703131337  
0.0002759709641  
-0.5260269793  
0.1540854276  
1.554270898  
-0.2873376188  
-0.5537262259  
0.1456391293  
1.466302545  
0.3984077146  
0.6677664225  
-0.39472887  
-0.6299756244  
0.3542844088  
0.8660607327  
-0.7726174335  
-0.1270718651  
1.189060544  
0.3043161555  
0.1307181363  
0.4469642654  
2.089075894  
0.8926187558  
1.00355708  
2.007218511  
0.6353221456  
0.6618636782  
-1.581139812  
-1.092034474  
1.869073329  
2.547467168  
0.6001806149  
0.6565294691  
-0.6524220546  
-0.1144544617  
-0.04386205469  
0.7705194904  
0.8682989894  
0.7306834381  
-0.002724988323  
-1.008791102  
0.1591651661  
-0.08408052489  
0.6970388407  
-0.3304137568  
0.5135402175  
-0.1977050521  
-0.1375019965  
-0.320993641  
1.213316787  
0.2634522608  
0.6442480849  
-1.428633445  
-0.1278370767  
0.7006552604  
-0.6401246227  
1.579780309  
1.372639671  
-0.672262623  
0.5556946196  
0.9562532523  
0.4480687969  
0.8476115865  
1.87470073  
-0.4397665647  
0.1406187942  
0.2620036597  
-1.007251095  
-0.08620473806  
-0.5527874221  
-1.069266632  
-0.8809880696  
-0.772869852  
-0.2041877653  
-1.251803715  
0.2267009095  
1.396015371  
0.1029373964  
0.01027384426  
1.197511651  
0.6556202873  
0.07758381472  
0.5261160117  
0.7839027517  
0.222431551  
0.9226588907  
0.37754768  
0.3366267167  
0.7141904511  
0.2058083326  
-0.4739730929  
0.2132292145  
-0.2273206448  
-0.8276734775  
-0.5904812819  
0.7261784159  
0.6750928792  
1.349699181  
0.07636999586  
-0.1339220448  
0.8205873514  
1.469499551  
0.09005326886  
2.613952804  
1.056060054  
0.1874591695  
0.530135649  
0.1566142711  
0.6340273519  
1.043633252  
-0.9418260688  
-0.385631094  
-1.467799152  
-1.884459811  
1.77556109  
2.540529065  
0.2012022725  
-0.7494024418  
0.8785722327  
0.6032623099  
0.02090340709  
0.2611778517  
0.4796974198  
2.009302373  
-0.5715918871  
-0.9530994164  
-0.8983650396  
-0.5709439132  
0.2904294678  
-0.3354338583  
0.7085611854  
-0.0004872612452  
1.467742807  
0.9170381853  
-0.4128904976  
-0.2405233275  
1.152857351  
1.74622028  
1.359228851  
2.058825108  
2.850221445  
-0.7761849931  
-0.8664041547  
1.3485997  
1.613952001  
0.2736673742  
1.139464887  
1.107988948  
0.5949587501  
-0.9901034723  
-0.5219859263  
0.5137040392  
1.30165842  
2.956420927  
-1.229261631  
-0.601916958  
0.2536727303  
1.160365069  
0.9219971864  
1.124981987  
-0.6180321038  
0.03617662011  
0.3724634569  
0.594765352  
1.748237238  
2.749002428  
1.078637442  
1.265817741  
0.7967158691  
0.1919100877  
0.4460339176  
1.693747554  
-0.1911121111  
-0.3445736315  
0.6845345501  
0.4169020103  
0.218453228  
-0.8183095407  
-0.1565914497  
0.3116665396  
1.210787172  
2.078922464  
0.7424083746  
-0.995222327  
1.818568173  
3.890188174  
-0.8245909441  
-0.2149744432  
-0.08475104898  
-1.10623775  
-0.2586031117  
-0.5264736136  
-0.8585875184  
0.2318594045  
0.3048938819  
0.6039276582  
0.4040496619  
-0.7495628245  
0.07420900033  
0.3313260963  
1.139582369  
-0.0954017827  
-0.3971583848  
1.831655427  
1.871564668  
0.5338484722  
2.573122113  
-0.2205867745  
-0.002049010741  
1.815575026  
-1.09396215  
1.90139724  
2.851656754  
-0.1034013227  
-0.9592949541  
0.3420929868  
0.8531224857  
1.288419186  
-0.9523599646  
0.5411218159  
0.6225806403  
-0.5750025979  
0.1923649163  
0.1158805151  
0.3560776836  
1.88212048  
0.4262121911  
-0.00249874947  
2.271572287  
-0.4357726306  
0.753912682  
-1.157105023  
2.116598448  
-0.6403081291  
-0.2501066285  
1.157303665  
0.226681474  
-0.303888025  
0.6554441187  
-1.091023016  
0.4390604064  
-0.03689111067  
0.5732558752  
0.2801733898  
-0.1054133891  
0.6246162139  
0.4702557456  
-0.06381563255  
0.1714200634  
0.8802225039  
0.3790827616  
-0.5634652525  
-1.101188942  
0.8340656248  
0.2613688722  
1.241056792  
2.220195933  
-1.940024492  
0.9824319314  
-0.2961202769  
0.02302436022  
1.153660487  
-0.983205711  
0.9419219916  
0.7515157365  
0.3036584224  
0.418975454  
-0.7820756936  
1.254756986  
1.305181894  
-1.575828943  
-0.9681011288  
-0.8445053533  
-2.342493298  
0.2117316506  
-0.9427598445  
-1.408886236  
0.2116828025  
0.7338047701  
-0.2348353405  
0.5739342793  
0.1208571329  
-0.4462190779  
0.9889565292  
-0.6617322463  
0.5247764387  
-0.4352278599  
1.619257667  
-0.2664202707  
-0.8404911795  
0.5559855166  
0.5803192042  
0.5821323368  
0.64543206  
-0.2001973928  
0.5772694939  
0.6760604804  
1.794184409  
1.354454694  
1.138028562  
1.210295704  
-1.308325338  
-0.1769223224  
0.01660856229  
-0.06145386513  
2.351944577  
1.80768251  
1.4981487  
-1.697797724  
0.2306232111  
0.1154435155  
0.2304155968  
-1.617554053  
0.04617726361  
-0.01091098719  
0.1980029181  
1.292383236  
1.082624222  
-3.754272751  
-1.306618846  
-0.4991033719  
0.8444420195  
-0.195649536  
-1.780957687  
-1.000548427  
0.5638266112  
-0.7840477505  
1.144995291  
-0.9687097411  
-1.061847002  
2.464798356  
1.505870449  
0.8067946484  
0.6679425493  
0.5583853592  
-0.5103811439  
-0.9060480838  
-0.4574300457  
1.109473106  
0.4900075505  
0.6062980627  
1.060025514  
0.6015065465  
0.6472168927  
1.698368017  
1.597770768  
0.1878898788  
-0.1440094413  
0.2224503159  
2.047253024  
0.5081469196  
0.117746007  
-1.77071526  
1.044877546  
-0.4414646528  
0.03822250155  
1.303776688  
-0.3197249867  
1.602333213  
0.1694317738  
-0.4398573195  
1.653174839  
0.6122739281  
-1.88143873  
-0.7885027212  
0.3813900847  
1.177639711  
