0.05527729877  
0.2720244603  
0.1858770554  
-0.3868539664  
-0.5053576637  
0.7332032368  
0.4324374716  
0.7414247769  
0.4535472715  
0.6715401383  
0.1844049552  
0.8839834222  
0.3274130282  
-0.4383652944  
0.8961140717  
0.8754131049  
-2.566576068  
0.01218787959  
-0.5859619482  
0.8852715075  
0.3196140418  
0.5414131677  
0.8730882017  
1.050173891  
1.52231542  
-0.7975219025  
-1.209154255  
0.5586762325  
-0.7372194422  
-0.3488927626  
-0.1876175609  
0.06014817996  
-2.632270868  
-1.395990018  
-2.417234893  
-3.894616151  
0.1512723243  
1.328213831  
-2.328295436  
-2.772485373  
1.846302344  
1.739898428  
0.9191557073  
0.06632743716  
1.113760156  
-0.4245711258  
0.6347855667  
-0.2094709012  
0.1838872665  
0.5538437519  
-1.175313103  
0.5952995145  
1.422485445  
0.9336748537  
0.4505929515  
1.322581559  
0.2030526183  
0.8110199799  
0.458402081  
-0.1021326869  
0.5599425322  
-0.4205860465  
0.6289124539  
0.1881957673  
0.5236529293  
1.166603764  
0.4170280221  
-2.94007366  
0.8664626348  
-0.3520109525  
1.563226602  
0.5810042821  
-0.02392030295  
0.1861075174  
-0.2476959859  
0.8449412985  
0.03536557411  
-1.29777046  
-0.1093961371  
0.3047986875  
-1.193678797  
0.4756980576  
1.104757671  
-0.01652975281  
-0.3442692596  
2.097707284  
1.099758358  
0.7086673617  
0.725990115  
0.5140882992  
0.8448061107  
1.109707926  
0.8589422133  
0.4699053034  
0.8204038077  
0.009763439385  
-0.3746324307  
-0.584340008  
0.4094268334  
-0.3029250535  
-0.4197408204  
0.7792797852  
0.1385970664  
1.014807073  
-0.02187210186  
-0.1611017617  
0.2073351553  
0.8126891976  
1.027380437  
-0.1350150889  
0.1706822909  
-0.1696298463  
-0.07150163364  
0.127324623  
-0.140695205  
0.4082337793  
-0.8716089247  
-1.210575889  
-0.3333174512  
1.009634241  
0.09176102652  
1.520680272  
0.4476164254  
2.241761115  
0.2086987266  
0.580640468  
0.6422514716  
1.201807827  
-0.9040375218  
0.2745015386  
1.989071416  
0.3792710319  
0.9179445749  
-0.0322823226  
0.7091863459  
-0.00276649035  
-0.1363348418  
0.09335089634  
0.154005082  
0.1474760463  
-0.1604669941  
-0.6503245914  
-0.6524845246  
-0.4572588566  
-0.3447204527  
-0.8953198746  
0.6003492345  
0.0521907482  
0.5160533057  
0.3851263081  
0.3200556847  
1.130175921  
-0.5137368186  
-0.1193319549  
0.6134994832  
0.6831476444  
-0.4639721164  
-0.5033631743  
-0.6212185161  
-0.1460185783  
0.6954695288  
0.210171791  
-0.3219579937  
0.4048753336  
0.2161431025  
-0.2580751668  
-0.1830119027  
0.2113287567  
0.6394461746  
0.2194291183  
-0.9045886272  
-0.8411277146  
0.04935265881  
0.1650388985  
1.049013188  
0.6348569654  
1.442473204  
-0.03081150866  
-1.206580289  
-0.7256533711  
-0.1495360915  
-0.161368735  
0.04862473541  
0.02275119408  
0.5784881097  
0.1851015441  
-0.5194287723  
1.289240753  
-0.2123110101  
5.090291826e-06  
-0.2289554758  
1.044940744  
0.1548692643  
-0.07205241836  
-0.905599241  
-0.07750995981  
0.6256559655  
0.6459133293  
0.9379322002  
-1.21191702  
0.9106324582  
-0.1553598471  
-0.7837535019  
0.2981223901  
0.2876245079  
0.242224815  
0.07509153409  
-1.346008248  
0.2547604766  
-0.589909451  
-0.8267368244  
-0.5982988287  
-0.1028915091  
-0.6277326237  
0.3939041774  
0.888820767  
1.054101168  
0.5829784962  
0.7034277734  
0.1348186058  
-0.08988803306  
0.2445542686  
0.03789783905  
0.1490322093  
0.7990749772  
-0.6395644518  
-0.05789973657  
-0.8275905426  
-0.8380785839  
0.01078660129  
-0.3068114966  
2.462477098  
0.823256624  
0.2494802173  
-0.1492712234  
-0.6660647396  
-0.2278360737  
0.8932940363  
0.8895617231  
0.6126892608  
-0.7280127906  
0.2740515247  
-0.3166921794  
-0.1426821912  
-0.3976871308  
1.256173375  
0.4374932816  
0.2959323768  
0.1150123041  
-0.08943026629  
0.3113832486  
0.2882983624  
0.0003470951464  
0.5917080197  
-0.4277296231  
0.670281279  
0.6280887087  
0.4740090923  
0.9792564559  
-0.2113096164  
0.4391913637  
0.3678825643  
0.5164673659  
1.367619465  
0.6864840984  
0.4876077932  
0.5127891103  
0.9802739734  
0.01018745435  
-0.1403372101  
-0.1533445301  
-0.2144351182  
-0.5594195339  
0.6471588355  
-0.326289289  
-0.1435631529  
0.05669424629  
0.1278502537  
-0.3508419846  
0.3143751998  
0.03254806114  
-0.3268241872  
-0.4710343211  
-0.2532429944  
-0.4600544736  
-0.1587986616  
-0.7125925779  
-0.4217293559  
0.4674424544  
0.2421685637  
-0.2050443049  
0.9530996248  
0.1592501723  
0.1610487244  
0.4317975067  
-0.1177757744  
-0.8726357026  
0.5622010223  
-0.687637035  
0.862938678  
-0.5299507886  
-0.4484924603  
0.2936735679  
-0.09875567985  
-0.4588822746  
-0.485309211  
0.06281098117  
-0.2501019969  
-0.4348953008  
-0.30119842  
0.4324687706  
-0.587789129  
1.333468023  
-0.3527786328  
-0.2382241556  
-0.05507946892  
0.6186640505  
0.9089710272  
-0.5857744917  
0.1959214434  
-0.2776386215  
-0.03614167391  
-0.4103613434  
0.4757323884  
0.6911791048  
0.329633249  
-0.7795459482  
-0.3927804804  
-0.07502673028  
1.205605617  
-0.1980108007  
-0.4895434103  
-0.1248145688  
0.7265787919  
0.5017526216  
-0.005087319033  
0.7393296692  
0.1666300447  
0.2068357483  
0.3467032614  
-0.1837292658  
0.9098169584  
-0.6347333181  
0.8372666149  
0.5662790193  
0.8500124464  
0.9376335048  
0.4685248347  
-0.7316578925  
-0.04195715768  
0.538575865  
1.169606821  
-1.056869285  
-0.07207618597  
0.4827808227  
0.3073815178  
-0.3590551217  
0.1490497341  
0.1335609003  
0.9778738619  
-0.8412022346  
0.5175214379  
-0.0941646376  
-0.115307978  
0.3396829643  
0.1540109227  
0.7727142703  
-0.06525557058  
-0.1818795734  
-0.7618610576  
-0.1086598322  
-4.090894224  
-1.044090908  
-0.187694667  
-0.0092096013  
-3.405288673  
-0.6357338217  
0.3386450613  
-0.1701018166  
-1.684685113  
0.1432811733  
-0.1790415588  
0.3249972808  
0.2016870242  
0.4758374676  
0.1164859411  
0.2148042601  
0.1473813826  
-1.00875861  
0.1865342487  
0.5646953878  
0.8105731123  
0.3707170624  
0.4889879042  
-0.3134223308  
-0.05616824873  
-1.857877157  
0.5791230726  
-0.3203741816  
0.8864457087  
-3.592571078  
0.2975948951  
-0.09748014667  
0.6869260223  
0.1264123076  
-0.08873918596  
-0.420965019  
0.2996647327  
0.7378569547  
-1.488029023  
0.1550931365  
0.5947384831  
1.561865555  
0.9443697648  
1.15460941  
-0.156995133  
-0.266416257  
0.3483211455  
0.530336851  
-0.7170171648  
-0.1519475691  
1.153891351  
0.6055018996  
0.1063842163  
0.2210936131  
1.412818643  
0.7384448184  
0.9899794792  
1.024616721  
1.067653624  
0.619219833  
-0.9169867146  
-0.3896839517  
1.363493252  
0.3405828165  
0.5529109918  
0.2495045279  
0.3813815112  
-0.2734402409  
0.6513091998  
1.143901203  
0.2940006442  
0.5033501684  
-0.003745990583  
-0.03517314024  
0.1636159874  
-0.1000346409  
0.8497604672  
0.3908080746  
0.5742336616  
-0.04177170008  
0.5119029008  
0.3621595547  
1.132776286  
0.5387610705  
-0.104191622  
-0.8269535518  
0.1991409491  
0.5279651132  
-0.06148177432  
0.759816417  
0.9213215927  
-0.530035025  
0.3983909031  
0.6167861485  
-0.5785792225  
-0.0763603988  
0.9350817104  
0.4747702586  
0.1772828663  
0.03530983352  
-0.1391636567  
0.3104059934  
0.1874203713  
0.2137178947  
0.3339739137  
0.247826026  
0.4591892281  
-1.69743509  
0.267588161  
0.6906528983  
-0.068738944  
-0.8308986281  
0.5316777606  
-0.2631856482  
-0.3175948709  
0.239297285  
1.165642847  
0.7462921461  
0.5849115825  
0.1948702313  
-0.04803354012  
0.2255556697  
0.03344139387  
-0.3268758378  
0.755180499  
0.4162712641  
-0.3823016717  
0.09422270547  
0.9305677746  
1.07733923  
0.5606189823  
-0.1310499444  
-0.3757409447  
-0.3270477945  
1.476149061  
-0.2783994262  
1.894566497  
-1.953944279  
0.3876928795  
0.4071973387  
0.2849219632  
0.6647557348  
0.236707258  
-0.589575189  
0.08742293685  
-0.312602175  
-0.9928753132  
0.6070648366  
1.749100151  
-0.3641285963  
-0.8943124083  
0.8163586857  
0.3427627792  
0.01394178287  
-0.08478432281  
-0.1478542418  
0.3950331695  
-0.6047183024  
-0.604112141  
0.1183317709  
0.05326243554  
0.4460603073  
0.6744069435  
1.860641309  
0.8600431024  
0.8019865045  
0.5335329939  
0.07270990439  
-0.05596411341  
-0.1730921843  
1.654426707  
1.068195431  
1.865793936  
2.597785205  
-0.02060417169  
0.01045998847  
1.793214671  
1.779177354  
0.9159099821  
1.551658785  
0.7407523835  
-0.8075252584  
-3.090237763  
-0.1725060369  
0.05898256629  
-0.1959878991  
1.386304427  
-0.3823413804  
-0.4147386148  
0.02022932634  
1.099480705  
0.7206642399  
1.171401803  
-0.3570466595  
-0.1142168618  
-0.1575295149  
0.5323115051  
0.8273884052  
1.680509719  
-0.4907468237  
-0.544583461  
0.4047878476  
0.6060977942  
-1.031675769  
0.09153281379  
0.6595326687  
0.07809977791  
-0.435648021  
-0.8178364536  
-0.3042579624  
-0.6371433457  
-2.556580783  
-0.3782049022  
0.1980824636  
0.3306014181  
0.9088688505  
-2.817005616  
0.3048950392  
0.6962893294  
-2.294673637  
-1.490271934  
0.2173354261  
-1.307768856  
-1.591164235  
0.5552614619  
-0.0481382375  
0.02480961935  
0.1378845197  
-0.04582755971  
0.3535075782  
-0.6360597184  
0.3963417646  
0.3691150839  
-0.1980646671  
-1.180632805  
-1.510156181  
-4.49487559  
-0.02345631659  
-0.4792231885  
0.07302512361  
-0.9558094321  
-4.230311604  
-0.2761521194  
-2.14282248  
0.2460468627  
0.5953301612  
-3.166392314  
-1.323535033  
-0.6082347204  
-3.83787169  
-0.2514783883  
-1.06598754  
0.1616672714  
-3.248674269  
-1.325357024  
-0.9877345385  
-1.920002835  
-0.7926610259  
-0.645198436  
-0.6744744989  
-0.7081487137  
-0.3055966669  
-1.185088248  
-1.602782044  
-1.387083168  
0.2062422756  
-1.623097876  
-0.6451635056  
-1.073175649  
-1.303461817  
-1.192807443  
-3.297446783  
-1.098762733  
-0.9925086109  
-0.7676737259  
-2.726517954  
-2.861537003  
-0.2726427661  
0.09585737291  
-0.07078540437  
-0.1894404374  
0.5515319645  
-2.426704903  
-0.6306089069  
-3.505281508  
-4.037439451  
-0.5744531687  
-0.436276649  
0.2847758752  
1.09411391  
-1.29213144  
1.675419946  
0.35419713  
0.3865621974  
-0.179309471  
-1.54388277  
1.099916371  
0.9337562048  
0.2850001464  
0.5937270088  
-0.371402192  
-0.6461660388  
0.9362014737  
-0.5064399807  
-0.06103953099  
0.1938872534  
-0.8125644674  
0.6991967909  
-0.1243775546  
-0.5385680461  
0.09459756359  
0.5474922255  
0.3272892637  
-0.06399904455  
-0.5266995809  
-0.8974120387  
-2.092183023  
0.008956472988  
-0.5701609532  
-1.480370467  
0.8740544262  
-0.118210713  
-1.956172711  
0.1046373217  
0.5925284198  
0.08858112487  
0.326952651  
0.1141567787  
0.4853936955  
1.091145447  
1.289866516  
1.336056694  
0.3211489784  
-0.1203919549  
-0.7558604629  
-0.217809082  
-0.2848242534  
-0.3809510813  
-0.3532365354  
1.504355514  
-0.1375047503  
-1.603476129  
0.5086226707  
-2.576900313  
-4.783186611  
-0.7736253635  
0.3633189021  
-0.8437584798  
0.6469411902  
0.5879174616  
0.4574124362  
-2.541404917  
-6.122966273  
0.3961061446  
0.6429787355  
0.9029344068  
-0.3959145018  
-0.4826494099  
1.249345316  
0.1885176265  
0.5721134638  
0.5875458502  
-2.012541192  
2.145386229  
-0.1160175388  
1.385745017  
0.871996142  
0.3871335336  
0.6528309111  
-2.811311126  
-0.01559728825  
1.199739065  
0.8855962359  
1.43305835  
0.8812714432  
1.069736051  
-4.306847479  
1.72528197  
0.4110129328  
0.8652262459  
0.408242024  
-0.1811208711  
1.33326342  
-0.09949263454  
1.156765292  
-0.6295789879  
0.07223034774  
-0.8002362046  
0.6143296341  
0.502645529  
-0.8211396372  
-0.4211219945  
0.2007857193  
-2.205229713  
1.138052035  
0.927072692  
-1.162756914  
-0.2556601129  
0.1193458058  
0.5840939003  
