0.007085044774  
-0.008005598327  
1.513542158  
0.06596091017  
-0.4867520293  
2.291194895  
-0.1460493683  
0.08131141684  
-0.7054563671  
-0.3109083575  
0.871689748  
0.277690978  
1.497599502  
-0.7237017108  
1.521001721  
1.222452495  
0.03651376552  
-0.6400036246  
0.4058489221  
-0.1079230595  
0.4133559434  
0.1128735533  
-0.1730187146  
0.6263396884  
-0.1943575722  
-0.2297308274  
3.547919889  
-0.02890503128  
0.1715091762  
-0.1497469551  
1.772457948  
-0.8462655324  
-0.2977622533  
2.7154816  
1.186486512  
0.4615628269  
0.9065004254  
0.1559091731  
1.081685258  
0.07479361956  
-0.4503523315  
-0.05799900573  
-0.6227620136  
-0.7143176402  
-0.9379543426  
-0.01863648912  
0.07456825474  
-0.11035748  
-0.6459678314  
-0.4450501595  
-0.09786036168  
-0.2887756981  
-0.1405442562  
-0.2471788167  
-0.2124715886  
0.3611026596  
-0.2674354075  
-0.133920441  
0.1104159603  
0.0005833091954  
-0.3121906253  
-0.1379553103  
0.304098038  
0.652169444  
-0.06318303809  
0.7714050479  
-0.209503456  
-0.06706774805  
-0.5051268813  
0.3129759166  
-0.07821655591  
0.4951269726  
0.2822499112  
0.4252140122  
0.2734938967  
0.08093205438  
1.545274876  
4.390896196  
0.2909188607  
0.08558709497  
-0.1647323033  
-0.02842679744  
-0.09939373937  
0.2575113102  
2.415117244  
-0.291593001  
0.2868246549  
1.605172492  
-0.3672245263  
0.4787947709  
0.11126644  
-0.2555064999  
-0.1801587059  
0.1674561269  
0.08989696773  
-0.09107607969  
0.2583154828  
1.302670088  
0.01403027483  
0.2900745087  
0.602003482  
-0.4018184418  
0.3303700055  
-0.0454377277  
-0.1851283405  
0.05510760014  
0.2936221122  
0.2561486876  
0.2439924353  
-0.03463956524  
-0.6312025222  
-0.1125240943  
-0.2606322657  
1.623912084  
-0.6780060647  
0.1052018498  
2.282131541  
0.4894048827  
0.5895147163  
-0.3460570668  
0.1655120701  
-0.1417461769  
-0.235996392  
-0.5948205945  
-0.1066766387  
-0.5948797668  
-0.3860847447  
0.2570074652  
0.2261668812  
0.07900258612  
-0.2561263905  
1.141160859  
-0.6595922101  
-0.5579464732  
2.061051511  
0.9723760247  
-0.9317647462  
-0.4376383119  
2.11527546  
-0.3999724308  
-0.09060008502  
-0.7565168984  
1.355468033  
-0.6322813334  
-0.2922496855  
-0.03019208168  
-0.7003159296  
1.689746624  
0.06970667682  
0.8472749715  
-0.4338629905  
-0.7022188184  
-0.1886061706  
1.711908782  
0.3788911877  
-0.1917099206  
-0.2086535563  
-0.1565619429  
-0.08729799306  
-0.2288711522  
-0.1117642683  
-0.6220085392  
-0.3469589775  
-0.6633439036  
-0.5200844084  
-0.1387216432  
-0.6484095346  
-0.5988834614  
-0.5886436457  
0.6946212128  
0.9265225639  
1.381641459  
-0.4991284719  
-0.7990690419  
-0.3796286167  
0.5580269099  
-0.9592307385  
-0.4142978308  
1.578759176  
-0.2002098874  
0.1975883363  
-0.3792658595  
-0.2320550352  
-0.7712936306  
0.1634475972  
-0.6416884303  
-0.1695184434  
-0.8717362093  
-0.07565469644  
-0.457729133  
-0.1519568417  
-0.4439616999  
-0.1125737145  
-0.5263001679  
0.002559876963  
-0.2217509414  
-0.7962616733  
-1.022929083  
-0.365657099  
-0.2242569772  
-0.7414847199  
-0.1028030312  
-0.3982276999  
-0.07021398725  
-0.02252842777  
0.02634628698  
-0.7364433389  
-0.08522324736  
1.181951418  
-0.762740107  
-0.4072827963  
-0.1091312113  
-0.5825954465  
-0.2358739771  
-0.6000184643  
-0.4448027396  
-0.612424319  
-0.2542785072  
-1.00429581  
0.9478884956  
-0.1570530306  
-0.4507799803  
-0.1136364356  
-0.1846711382  
-0.4701268756  
-0.173322803  
-0.767862596  
-0.7003446836  
-0.3219221022  
-0.6404041014  
-0.3459513034  
-1.060272188  
-0.3400777181  
-0.4335718121  
0.06613547359  
-0.07223774007  
-0.4736114439  
-1.013853437  
-0.4283538463  
-0.4278722775  
-0.6406427543  
-0.2931926283  
-0.6821472352  
-0.08094703679  
0.8893649838  
-0.4250566251  
-0.8609850437  
-0.540366508  
-0.2081027864  
-0.3456298853  
0.3842685339  
-0.1379625548  
0.6927826265  
-0.4966981213  
-0.05432785981  
-0.3056352232  
-0.659539308  
0.02639766449  
-0.3977558198  
-0.9932100677  
-0.2935805603  
-0.8339270318  
-0.8154216713  
1.025853787  
-0.56303189  
-0.07042973164  
0.7985913603  
-1.153664526  
-0.5236189367  
0.1970497184  
-0.1490022922  
0.279307039  
-0.4041167925  
-0.09901581348  
0.1832693162  
-0.675143473  
-0.221171947  
0.7192738931  
0.7743113446  
-0.4477851748  
1.416673528  
0.1743127709  
0.08980048692  
-0.5180636613  
2.628973282  
-0.5993481148  
0.0283350699  
0.1174168221  
-0.215252785  
-0.3034728879  
-0.1732456204  
-0.1522240014  
-0.3955998384  
0.0814284838  
-0.9010183277  
-0.05738299519  
0.7163154701  
0.4544887264  
0.299177908  
0.163502185  
0.748330733  
-0.05867961166  
0.06537039619  
-0.3879760056  
0.2024787127  
-0.2043015597  
0.2169829298  
2.868915751  
-0.06359834505  
0.3513376151  
0.9226795755  
0.3161823094  
-0.2226645945  
0.5065219953  
0.3952073031  
-0.2834959944  
0.230069763  
0.07027579185  
0.1490486362  
-0.3188612523  
-0.2778687161  
-0.1340457169  
-0.4677487441  
-0.2652700333  
-0.7197729045  
-0.2004757197  
-0.4868475185  
-0.09526415259  
-0.4157065736  
-0.328653812  
-0.4702159012  
0.301936465  
-0.3702170536  
-0.07447399861  
0.2748749354  
-0.4650587704  
-0.9374132466  
0.4571398883  
-0.387078706  
0.7282822865  
-0.4546104548  
-0.09636263201  
2.031124396  
-0.2033319572  
-0.3104406432  
-0.9549420839  
-0.8606145667  
-0.2829955995  
0.08391755557  
-0.33581883  
0.6553420733  
-1.121449705  
-0.3393156906  
-0.9812207499  
-1.785603018  
0.1869359374  
-0.7045795223  
-0.7692182468  
-0.5118694425  
1.892416072  
-0.2261071956  
-0.48245159  
-1.096516832  
0.5475972613  
-0.01931373413  
-0.3413918577  
-0.6707927548  
-0.6078463696  
-1.33541601  
-0.6658108143  
3.162124206  
1.718127177  
1.734709059  
0.03956479473  
-0.4358854791  
-0.7907995754  
-0.2889153561  
-0.6190934058  
-1.439086609  
0.5118664915  
-0.1990153433  
-0.5734572589  
-0.7660329422  
1.102243792  
0.5956899793  
-0.2344667662  
-0.2756898822  
-0.8459229003  
-0.7003689448  
-1.03544027  
-0.5712074823  
0.3441981351  
-0.6666379343  
-0.2722521708  
1.614409782  
-0.7420617731  
-0.1544045558  
-0.6155259036  
-0.5959109358  
-0.6093258512  
-0.1710789877  
-1.163986154  
1.512422835  
-0.6677841961  
-1.141393719  
1.952897759  
-0.7707670032  
0.6779901923  
-0.9873689617  
-0.3871987176  
-0.9225740878  
-0.9645921801  
-0.8840656966  
-0.6938969992  
-0.4137121238  
-0.3336995501  
-0.5774504956  
-0.9131668511  
-0.7658237987  
-0.8133161557  
-0.7724077778  
-0.811754038  
-0.5403031636  
-0.7353296358  
-0.9153760917  
-1.089510539  
-0.8226012051  
-0.5892192296  
-1.319515749  
-0.9148426808  
-0.9262341943  
-0.428494827  
-0.8725787106  
-0.3666000186  
-0.6062662286  
0.6120979728  
-0.4115167411  
-1.057392445  
-0.4275491654  
-0.05067716585  
-0.4674345875  
-0.6171878844  
-0.8608025139  
-0.8667811449  
-0.8556883696  
-0.7336788004  
-0.7146177795  
-0.8429291144  
-0.8614650796  
-0.5703489398  
-0.425900163  
-0.606316879  
-0.5948569845  
-0.8104890521  
-0.1975626233  
0.9126278329  
4.355802376  
0.6155635589  
-1.159570789  
-0.6534165745  
-0.9089536626  
-0.7705438747  
0.6252728824  
0.05968330015  
-1.302094659  
-1.333022753  
-0.9988354472  
-1.249074708  
1.151762113  
-0.3185105004  
-0.9147446418  
0.309077401  
-0.1553920936  
-0.9885672709  
1.806029048  
1.556312826  
0.3852533495  
1.028252822  
-0.5368665853  
-0.09436309773  
-0.7098996959  
-1.144750748  
-1.151268482  
-0.7739417195  
-0.8039472769  
-1.52693465  
-1.027135606  
-0.9125939708  
-0.6685583656  
-0.5612557402  
-0.5481683621  
-0.7906199309  
-1.684181511  
-0.2982367906  
-0.4281013153  
-1.162784386  
-0.7874243576  
-0.7825729925  
-0.3644692094  
-0.9108059978  
-0.7986573069  
-0.5983376228  
-0.3865983055  
-1.27877442  
-1.199996578  
-1.764534853  
-0.9124317206  
0.9290994458  
3.000322204  
-0.588057353  
-0.7188915241  
-0.7063153949  
-0.6637642728  
-1.484951162  
-0.310496699  
-0.4715325397  
-0.435869164  
0.01367918124  
-0.3840113762  
-0.503624215  
-0.5214344274  
-0.613245558  
-0.8348178467  
-0.6546908305  
-0.5186899393  
-0.4105157046  
0.0517221559  
0.121980711  
-0.6627570872  
-0.5318506355  
-0.7341980408  
-0.5720747639  
-0.6460203993  
1.209118449  
0.1599679722  
1.470866807  
0.09322332182  
-0.5230163192  
-0.799329042  
-0.8659073711  
-1.258027708  
-1.131240971  
-1.352764671  
-1.005226174  
-1.289987656  
-0.6223140496  
-0.7360641802  
-0.2206108654  
-0.4325004265  
-0.6029191291  
-1.1132809  
1.20576847  
-1.427449773  
-0.3912494644  
-0.7869585763  
-0.5844415528  
0.2011242275  
-0.4536522706  
-0.3337768627  
-0.08979300637  
-0.4854628651  
-0.2430340654  
-0.02064125625  
-1.546390182  
0.4463795803  
-0.3126608759  
-1.247838238  
-0.2557018012  
-0.9702072269  
-1.271798877  
0.179607038  
-0.8195283884  
-0.2932825714  
1.447976857  
0.4183249035  
-1.059466265  
0.9966269585  
0.6830224917  
-0.2555820086  
-0.2419903351  
0.04043972198  
0.6637687384  
3.022917096  
-0.3066433945  
-0.365577638  
-1.523136541  
0.5712316601  
-0.1673782545  
0.6776750616  
-1.165535531  
0.3008384397  
0.5134468594  
0.3488316958  
-0.1675146814  
-0.4817071475  
0.2771168407  
-0.6918429846  
-0.9746227541  
-1.143873959  
-0.3052862519  
-0.3993289798  
-1.365905992  
-0.2838461353  
-0.7335443769  
-1.110196312  
1.77197033  
1.841452663  
-1.008926496  
-1.176860498  
-1.125016268  
-0.6079567287  
1.469678642  
1.021467352  
1.08366725  
-0.2855557746  
1.391343965  
0.6740701421  
-0.2430680629  
2.374923547  
3.167148057  
-0.4488531686  
-0.4696114159  
1.929538449  
-1.162597342  
-0.07991180323  
-0.880680844  
2.087202733  
0.1671756107  
2.452633774  
-1.649587492  
-0.6322434596  
0.6938690607  
2.600942193  
-1.085260403  
-0.4217743982  
-0.3005465348  
-1.001414003  
1.392471026  
1.152871072  
-1.555311494  
0.2623239854  
-0.04341450793  
2.364529735  
-0.07046750635  
-0.9127255975  
-0.3814114724  
-0.2787248103  
0.02283133825  
1.194159492  
-1.461352817  
-1.462593316  
2.000196184  
1.407286281  
-0.6574234282  
-0.4879694205  
0.01976575655  
-1.192934984  
0.03073508324  
-1.222675114  
-1.253264002  
0.6716341342  
1.00419771  
0.7438742314  
-0.2631016987  
-0.580566897  
0.3989820515  
-1.023548791  
-0.5040784455  
-0.6042311032  
-0.5129786792  
-0.3803463138  
-0.566766286  
-0.1600732551  
-0.9832275479  
1.202504101  
-0.4507839003  
1.111760201  
1.985990326  
-0.3652558645  
0.5969656705  
3.082292859  
-0.5437219028  
-0.7245985509  
-0.6309351281  
0.4311265804  
-0.356595531  
0.8455834263  
-1.507823122  
-0.1895130906  
0.007495006508  
5.25362874  
-0.5100525095  
3.757982181  
3.021833526  
-0.4343477746  
-0.1990647796  
0.4077564844  
-0.2231622843  
0.06605427529  
-0.1618401776  
0.6459114647  
0.5894321642  
-0.09268127977  
-0.9632097535  
-0.06968591689  
0.4377680613  
1.146758141  
0.6979828811  
-0.2066217835  
5.18096797  
0.1148810347  
-0.5626701675  
2.891175347  
0.5376589355  
-0.6838093298  
2.856820639  
1.564961446  
1.405569605  
1.234095321  
-0.4783963981  
0.217261236  
0.2803786295  
2.582618404  
-0.1113527246  
0.02670338384  
-0.582938766  
1.451154237  
3.626462042  
-0.2634646016  
0.22220091  
0.3032227021  
0.3880165593  
3.439482951  
2.629797481  
0.00128270249  
-0.5857358006  
3.11884048  
0.9542091997  
0.8934506741  
2.419437631  
0.3062087422  
1.554001548  
0.5891347087  
0.3218830908  
0.1605470257  
-0.03303258387  
2.170129562  
0.2434876403  
1.038907221  
4.441707411  
1.012979128  
-0.194709643  
0.5103622073  
0.2832471668  
2.986080474  
1.40702935  
3.326263337  
-0.3720947479  
0.6354855327  
0.8109757283  
0.530251642  
0.4955084471  
-0.7871240045  
-0.2828760067  
1.495275798  
0.4780851309  
0.04722458827  
3.681028931  
0.9357775723  
-0.343660689  
-1.2072265  
