0.1660585768  
2.041830969  
-0.4768868882  
0.2543887579  
-0.2911747121  
2.279501425  
-0.1524987871  
-0.3031337789  
-0.1524824732  
0.23232852  
0.2234352729  
-0.5501284026  
2.468317879  
0.06476281657  
1.174576742  
1.678025304  
0.05840184114  
-0.03428361564  
-0.02285173315  
0.3914255612  
-0.3644944843  
-0.2330839455  
-0.4248162796  
1.351254773  
-0.3280135688  
-0.2419192725  
0.2850724588  
-0.07002802729  
-0.2198813335  
-0.0163996109  
1.363993083  
0.3398353725  
0.8778776378  
0.5004693519  
0.4616086871  
0.1360981725  
0.01839119629  
0.3891013821  
1.008711633  
0.7011168251  
0.2689591779  
0.01664546372  
-0.3960805251  
0.5387022182  
0.0004580511761  
0.6389045301  
0.5979832678  
0.09402638964  
0.5396458692  
0.2672703461  
-0.04251537838  
-0.02161692552  
-0.08924874678  
-0.03409969866  
-0.1439944743  
-2.373116747  
-1.180107405  
-0.5332901039  
-0.2196373957  
-0.08487323342  
-0.4663824254  
0.00958077438  
-0.2741303861  
-0.2979788601  
-0.3233152961  
0.1571551847  
-0.4053406343  
0.07810010711  
-0.04087839852  
-0.1504112812  
-0.4723925031  
-0.5460356403  
-0.0525835575  
-0.4783208883  
-0.2565011875  
-0.4049675001  
0.9467181396  
1.368262932  
0.07035461979  
-0.4481599728  
0.09912351524  
-0.118053039  
1.092172496  
-0.5121946293  
0.4899683113  
-0.4278803656  
-0.4994602007  
1.768520103  
0.2888822524  
0.4186300003  
0.06686480758  
-0.1099914615  
0.2484041183  
-0.3437270475  
0.3737232734  
-0.2037413323  
-0.3688525403  
-0.3249428993  
0.1277430919  
-0.3381341407  
0.5460545125  
-0.0612365162  
0.01331112024  
0.131942375  
-0.7963432935  
0.3446287761  
-0.2092841012  
-0.4536963622  
0.02271968464  
-0.4753284292  
-0.1190531243  
0.1700953091  
-0.2849278293  
-0.637364688  
-0.1202879901  
-0.6345913825  
0.7260770518  
-0.2438901694  
0.2443207407  
-0.05195126221  
0.6979501648  
0.370246509  
0.1858187763  
-1.122887187  
-0.2984553807  
-0.586621179  
-0.5329068056  
0.8562517608  
-0.1374988039  
-0.1593431575  
-0.1429118881  
2.333379687  
0.09523884799  
0.7179437434  
1.105589584  
1.898456778  
0.0546513698  
0.8252884487  
0.975949229  
-0.1959802961  
-0.3961687527  
-0.6669378049  
2.714177606  
0.04677999898  
-0.03816662119  
0.02823460584  
-0.0410057198  
0.1453301856  
0.4629472898  
0.9747174341  
0.7713758267  
0.5503496451  
0.9031849546  
1.877290563  
-0.5629767172  
1.133050438  
-0.3299119958  
1.469930108  
0.5352078602  
-0.1633663802  
0.5250652956  
0.4270174698  
0.5052702702  
0.6831143631  
0.1158235615  
-0.3767712262  
0.6621407182  
-0.1329980087  
0.6427058771  
0.5172284781  
0.1951745109  
1.512518202  
-0.7071088828  
0.1899794939  
0.8204983761  
0.9870886717  
0.1310609019  
0.3299337145  
0.8307089593  
0.4024025886  
-0.3825901569  
0.58312563  
-0.4474085867  
0.7948013175  
0.6378023734  
-0.6895790647  
-0.4280928678  
0.2260028531  
1.096780514  
0.9422209652  
0.3097234076  
0.8016502384  
0.2528440762  
0.4426007256  
0.9077985365  
0.06897618134  
1.323704476  
-0.4197839127  
0.7537192801  
-0.02410714421  
0.3638931217  
0.2149060137  
0.958268952  
-0.2317055063  
0.1454813848  
0.03976009427  
-0.05956009421  
-0.5532835595  
2.45173075  
0.2449448498  
0.1477754975  
-0.1512079642  
0.2854554799  
0.4028249568  
-0.2314703848  
0.04116084152  
0.04105800314  
-0.4098288339  
0.3329164253  
-0.2421040413  
0.9457232123  
-0.176726969  
-0.1154657505  
0.6816608115  
0.3016669337  
-0.03897692738  
-0.4664231082  
-0.02615735741  
1.087501779  
0.8960705283  
-0.2018449499  
1.218930777  
0.4531419037  
0.6973212107  
0.5617584222  
0.2243507384  
0.3856167784  
0.2545373846  
-0.3063826181  
0.4413116832  
1.310345967  
0.9526220628  
1.117226052  
0.4889055485  
0.9834995967  
0.4039550782  
0.2686243173  
0.9280555701  
-0.1711710825  
1.657907364  
0.3694545414  
-0.1936118253  
0.7632780158  
-0.02679770722  
0.8527317532  
1.058290376  
0.5289514954  
0.6890630974  
-0.5656799421  
-0.06931456468  
0.8937475911  
-0.4315104583  
0.5713054556  
0.1229775488  
-0.2945790932  
-0.8499252924  
2.435051733  
-0.2056642174  
0.3768760791  
1.247070932  
0.4587975567  
0.5302333829  
0.5030303449  
1.690532019  
0.782262898  
0.5751488572  
-0.05305433153  
0.2153827265  
1.953192246  
0.4411135674  
-0.8554610597  
0.8333927204  
-0.02684117884  
-0.4014204614  
1.706078851  
0.0114489264  
0.2015417445  
0.6929520479  
-0.5252463264  
0.1366653999  
0.9099586683  
3.008168887  
0.07580973869  
-0.6098934183  
1.241361124  
0.2126947368  
0.193195203  
0.3335459856  
0.2299672472  
0.5446149944  
0.7447155036  
0.9363637115  
0.5865290972  
-0.242890787  
0.9280843883  
0.4750983731  
0.332279128  
0.6133667506  
0.8248513417  
0.5515334654  
0.4937608262  
0.5978828332  
-0.3164839616  
-0.09873777072  
1.226661511  
0.78730303  
-0.6304459153  
-0.1709432134  
0.32581741  
-0.03974592943  
0.7444394528  
0.2196285944  
0.8434425091  
0.003850050068  
0.3693583296  
0.009194159067  
-0.3073067607  
-0.2921307058  
1.008039257  
0.856993562  
0.0178876853  
-0.3002832746  
-0.001845048629  
0.05333889978  
0.8632623439  
-0.7559493863  
-1.316432475  
0.3804902749  
-1.607540379  
0.2027480809  
-0.3277955512  
-0.7174641252  
0.4154863223  
-1.32844294  
-0.5315710749  
-0.4591839743  
-0.3979432701  
-0.3639464489  
-0.8586653727  
-1.413370854  
-0.4528431432  
-0.6094180681  
-0.9662779263  
-0.297114202  
0.1160311795  
0.06212712541  
-0.787382619  
-0.3605157513  
-0.6824161029  
2.447744744  
-0.03936399269  
-1.625370093  
-0.719255656  
-0.115690036  
-1.144837184  
-0.2776451435  
-1.668121903  
-0.6144946842  
-0.3325718608  
-0.5272922719  
-0.2409374863  
2.430356371  
0.1174148552  
0.1282209967  
-0.4801742538  
-0.5230453999  
-1.115624283  
-0.4935779279  
-0.5920971252  
-0.5498698124  
-1.138380931  
-0.3663655455  
-0.6658182914  
0.561389988  
0.8224912176  
-0.4161453042  
-1.835974492  
-0.2412284038  
-0.1241185247  
-0.8554616524  
-0.6140820476  
0.6353564057  
-1.843643463  
0.1020306252  
0.6271557797  
-0.9739844972  
-1.906712594  
-1.093711015  
-0.6916836688  
-0.6814709632  
-0.3811743268  
-1.463858705  
-1.666257748  
-0.3113270283  
-0.8077115761  
2.080386291  
-1.207240343  
-0.8877191877  
-1.163201087  
-1.277292592  
-0.7116704871  
-0.590786427  
-1.348913095  
-0.2842772769  
-1.646355296  
-0.2568491198  
-1.367678153  
-1.992357889  
-0.5870293001  
-0.8962068076  
-1.990314143  
-1.539028777  
-1.051195629  
-1.134081112  
-1.422853555  
-1.419617095  
-0.5616141132  
-0.3342667492  
-1.280564503  
-0.4227277624  
-1.38440165  
-1.190097579  
-1.015870314  
-0.7792358362  
-0.4868251991  
-2.256487413  
-0.4768809948  
-0.4614707071  
-1.909754889  
-1.566761403  
-1.588560678  
-1.440744664  
-0.4473873152  
-1.235051514  
-0.02794801692  
-1.318841239  
-0.3911230136  
-1.435838387  
-1.03647639  
-0.1140745393  
-0.5600332765  
-1.080417531  
-1.308766915  
-0.4752305251  
-1.504911761  
0.3565449432  
0.09509991689  
-1.226984938  
-0.5914549723  
-0.7343137993  
-1.111559708  
-0.7776328105  
-0.9117173467  
-0.6828151465  
-0.3590586304  
0.1634366089  
-1.045519094  
-0.7461965735  
0.2674089015  
-1.191466858  
-0.8765006846  
-0.9204073809  
-0.6844888676  
-0.5378278097  
1.08108623  
2.301127318  
0.6084886843  
-0.1592582641  
-1.045280991  
-0.6126150449  
-0.3291842673  
-0.1513299248  
-1.06092627  
-0.1883199768  
-1.201567564  
-0.9728366043  
-1.499375326  
-0.8616271615  
-0.3431154799  
-0.9366008473  
-1.54752758  
-0.4347111326  
-0.5147803752  
-0.4027622782  
0.3228463606  
-0.7908589119  
-1.141713242  
-1.640946932  
-0.573180962  
-1.65080453  
-1.363594516  
-0.6940529028  
-0.5858952857  
-0.08394340131  
-1.367331803  
-1.026335158  
-1.100854857  
-0.2222590358  
1.595140426  
-1.473014078  
-0.1430360548  
-1.101720521  
-1.446701915  
-0.4606255276  
-1.229092079  
-0.3245548501  
-0.4076304907  
-1.353333763  
-1.723551254  
0.1842814489  
-0.2487579289  
-1.373974449  
-0.263571551  
-0.8014159534  
-0.4995880845  
-0.8134231296  
-1.77020485  
-0.7318022149  
-0.9982093535  
-1.062971851  
0.2424804319  
0.2104273999  
0.03743324712  
0.6973527951  
0.8157657662  
0.2831928613  
-0.4899569408  
-0.9302773976  
-0.4844274162  
-1.129233894  
-0.5278342347  
0.8491802677  
-1.291423233  
-1.954078775  
-0.9458911709  
-0.2668528159  
-0.2240194808  
-0.7996087225  
-1.830187623  
-0.5380703863  
-0.7413185944  
-0.1145893404  
-0.8543301002  
-0.7922943952  
-0.5499869024  
-0.5852173883  
-0.8823933473  
-1.206677001  
-0.6037137738  
-0.8817637516  
-0.431449668  
0.2088337271  
0.08659620204  
-1.433940456  
0.1493451881  
-0.4147974071  
-1.186264485  
0.01233359882  
-1.248012589  
-0.1386658517  
-1.460554472  
-0.833267661  
-1.12766773  
1.900140767  
-0.3477044955  
-0.006900071918  
1.806775557  
0.9272032609  
-1.234084501  
-1.256593989  
-0.4313061922  
-0.2669438923  
-0.1288911252  
-0.2929475663  
-0.182953951  
-1.287757273  
1.020945139  
-0.166024889  
-1.31059391  
-0.9360706831  
-1.411330492  
-0.8258539711  
0.6281533301  
-0.2261845938  
-0.6395227521  
-1.131125275  
-1.26310948  
-0.4076477616  
-0.8060722046  
-0.4202997797  
-1.477460567  
-0.1038537653  
-1.060159752  
-1.010419295  
-1.080709013  
3.147610107  
1.557133734  
1.014353253  
-1.536661166  
0.03367944574  
-1.405165359  
-0.8076806965  
1.118873438  
-1.105834874  
-0.143430762  
-0.3139600311  
-0.4354397009  
-0.1624752529  
-0.5034731896  
0.919230756  
-0.7749824844  
-0.8600731843  
-0.3311982401  
-0.6620624265  
-0.8247293627  
-1.710371343  
3.460728749  
-1.216199779  
-0.5921458127  
-0.1596360221  
-0.161831021  
2.41392994  
-1.05096936  
-1.245990639  
-1.846254072  
0.1133877837  
-1.522872196  
-0.04788273298  
0.1571297973  
-0.3490033756  
0.2403410196  
-0.8079925382  
2.289557691  
-0.4813655823  
-0.3304592303  
-1.64467335  
-0.2246024479  
-1.083249412  
0.9650887193  
-0.4250816614  
0.5162844421  
1.83509749  
2.520882005  
0.2013352943  
-0.938271476  
-1.533898346  
-0.223082922  
-0.451469783  
0.1565305326  
-0.1302600337  
1.875543192  
-0.1624242338  
0.5227598231  
-0.3694165615  
-1.001082962  
-0.3304235598  
-0.7693178361  
-0.9616912587  
0.6397444758  
0.519453167  
0.3540952532  
0.1749399576  
0.1422158361  
0.3614888619  
0.6929982994  
0.2324195573  
1.681385589  
0.9701260105  
0.8909052828  
2.055834271  
2.832295391  
-0.6739140859  
0.2277428198  
0.1375628754  
-0.2927666157  
0.4697962519  
2.133243419  
0.7341395829  
-0.05937378473  
-0.5532802031  
2.991836042  
-0.3396355833  
3.349291491  
1.163897282  
-0.007842610859  
1.181770895  
-1.198343671  
0.156845029  
-0.01336690054  
-0.1932225692  
0.6647618921  
-0.7924108195  
-1.206710225  
0.04023065055  
-0.07182042619  
-0.3221406081  
0.5336978217  
0.4964804504  
0.5593391501  
7.943908416  
-0.2751108294  
0.5791576774  
0.5216712009  
1.300593528  
0.798916396  
0.8413773091  
2.318317124  
2.172626115  
0.8454147328  
0.4446990722  
-0.2469652157  
-1.213056729  
1.646189393  
-0.07891329073  
1.959593508  
-0.2294551178  
2.743604678  
2.424882055  
0.02313521784  
-0.5850939825  
0.2433043629  
0.6497899555  
1.621412745  
3.191382199  
0.3233140356  
0.02881929426  
4.079213875  
2.348767557  
1.32094067  
2.303999185  
1.149006637  
1.170888564  
1.743800028  
-0.3382334377  
-0.3487429787  
-0.6793742262  
0.7562224737  
0.1585512692  
0.02914800435  
1.688044973  
2.279435808  
-0.4796541797  
0.02617795842  
-0.9485470354  
2.448647768  
2.361338777  
1.820830487  
-0.05516073301  
-1.31704474  
1.343154556  
0.3593671938  
0.1505606758  
0.2281882913  
-0.3162320896  
1.223419521  
1.509819409  
-0.6164760758  
2.568340862  
1.221950906  
0.02975683714  
0.214470205  
