0.06510432217  
1.176155418  
-0.6320691233  
0.1048665528  
-0.3551605433  
2.117360694  
-0.4049114534  
-1.012623294  
-0.4255318586  
0.6299534777  
-0.4326103244  
-0.7363995918  
1.887483208  
-0.3649334478  
1.541932325  
1.622071959  
0.4103887054  
0.3527279904  
-0.0645864109  
0.3512139814  
-0.6629274923  
0.1610324614  
-0.7465757228  
1.879047458  
-0.361507851  
-0.4055891946  
3.074841897  
0.009366182685  
-0.1810799122  
-0.5452782779  
0.5037654616  
-0.3216845548  
-0.3514995152  
1.208878308  
0.7870019329  
-0.03002016937  
-0.343957807  
-0.07405909318  
1.021629113  
0.09801350396  
-0.2620927879  
-0.420958751  
-0.6004146362  
0.8760163737  
-0.8208692909  
0.5413938908  
-0.2908886878  
0.0386467229  
-0.2660705352  
-0.365226728  
-0.4119002099  
0.3246415657  
0.726801517  
0.3791190014  
0.1247649927  
1.411177082  
-1.153303572  
-0.3079693389  
-0.3597194964  
0.09806147081  
-0.2626371962  
-0.01111856961  
-0.2849001492  
0.6970342999  
-0.7022814965  
-0.2871562968  
-0.3475555888  
0.8840484474  
-0.983197451  
-0.2540759117  
-0.2514181541  
-0.3200784208  
-0.1248287183  
0.1096068296  
0.01023917354  
-0.09116130974  
0.904918194  
1.487875929  
-0.0004490524985  
-0.9985973255  
0.080165664  
-0.3663330023  
0.8283580351  
0.009050859031  
0.9677912688  
-0.651142306  
-0.3886241338  
-0.2020095243  
-0.04223986089  
0.8400854192  
0.03809808669  
0.3766619782  
-0.2222175038  
-0.06190170454  
-0.6256461886  
0.3984008026  
-0.3387583524  
-0.4271506454  
-0.1916155301  
-0.01367665573  
0.5160111463  
-0.6138127645  
-0.1575073212  
-0.08707084272  
-0.7601997447  
-0.2591751152  
-0.08110335749  
-0.6306564654  
0.3519074266  
-0.4320455227  
0.372445818  
-0.1285301796  
-0.4091011892  
-0.1507155558  
-0.2499211958  
-0.5922677807  
1.797573439  
-0.2094883495  
-0.1868375686  
0.03569189552  
0.5226913165  
-0.2758368238  
-0.1687693071  
-0.4263077078  
-0.002512799651  
-0.09341585902  
-0.06476539993  
0.1873058102  
0.3029886207  
-0.08662353454  
-0.9037775264  
1.2740239  
0.9779147367  
0.03656625742  
1.674154614  
2.663613651  
0.9776421106  
0.1741318515  
1.431299947  
0.4476970674  
0.304483748  
0.05289252621  
1.81880566  
1.132482306  
0.3366847874  
0.8831273854  
-0.6345366495  
-0.7135724556  
1.612534333  
1.771998662  
-0.2515247591  
-0.2986213377  
-0.03481448233  
1.076477204  
0.6263856631  
0.2880545128  
0.5680874528  
0.3063960272  
-0.6956819758  
0.6294910498  
-0.2799732334  
0.5054610927  
-0.8413459521  
0.1368752939  
1.099569518  
0.7714600016  
-0.2324620443  
0.6435362544  
-0.6311329013  
0.5293144636  
0.05392256213  
1.898961589  
-0.3705280844  
1.570157594  
-0.1911645826  
0.2587715848  
0.9989370877  
0.8061758568  
1.671116885  
0.739985154  
0.4308558202  
-0.2646996463  
0.7936441622  
-0.1194079869  
-0.5519093714  
-0.03012999509  
0.5105245984  
-0.8532090815  
0.612672329  
0.1094166793  
1.289818297  
-0.1468377967  
0.9417490122  
-0.181522816  
-0.06656936551  
0.8379547616  
0.1436469586  
-1.036760811  
0.09786268062  
0.6789380026  
-0.4493107635  
1.25359375  
1.006167725  
0.5397495464  
1.14406712  
0.9967615762  
0.6055747618  
0.2900860109  
0.611304021  
-0.3543797799  
0.6307751259  
0.7688179809  
-0.1225920919  
1.371275405  
1.0812472  
-1.032935364  
0.652176709  
0.7246479456  
-0.08687868882  
0.5679887925  
-0.144631143  
0.6559761022  
-0.3880485607  
-0.1157408777  
1.212558217  
0.7767923234  
0.6234288742  
0.7958679102  
0.01744021512  
-0.101399063  
0.5946389335  
-0.1884146152  
-0.7017992619  
0.07457155577  
0.1788492442  
0.9124869401  
-0.6042190127  
0.8076950848  
0.4618297625  
-0.5191097812  
0.6871119552  
0.01731187471  
0.3745804501  
-0.2554224136  
1.688709499  
-0.5535224818  
-0.04637715454  
0.2023910318  
0.5603756346  
0.4414166329  
0.459748491  
0.8335268751  
0.4089462412  
0.8112928492  
-0.1973405572  
-0.3334193317  
-0.4137380752  
-0.3793991745  
1.064079089  
1.005533838  
0.09031635514  
0.200613778  
-0.4991131573  
1.160481141  
0.3575255288  
0.1970046217  
2.380909856  
-0.5858315248  
-0.4080985213  
0.7431342115  
-0.1177656803  
-0.01728888676  
0.1582056347  
0.9725250565  
0.1893392701  
0.1295477559  
-0.689894156  
1.603801825  
2.04406307  
-0.2295312109  
0.2424195313  
1.736347854  
1.067292093  
0.5004660029  
0.5608130135  
0.8730937307  
0.6089114124  
0.07821862917  
0.139337622  
0.8339993728  
-0.1575054811  
1.601270469  
0.7893633828  
0.4431055841  
-0.2692695165  
0.1693614592  
-0.1803690663  
1.315124887  
1.114331169  
-0.6811478592  
0.9905778691  
-0.09732032471  
0.0006844595257  
0.5093354486  
0.2554146588  
1.932687777  
1.314252549  
-0.3070615993  
0.006696751008  
1.529371973  
1.194194818  
1.297410851  
0.476531047  
-0.6429682388  
2.241845103  
1.558173659  
0.1412995343  
0.931924505  
-0.1101074665  
-0.3617679142  
-0.1392919976  
-0.005521343482  
0.2432270266  
-0.3784506292  
0.5459197842  
1.095087419  
0.8946101382  
0.989081427  
0.04336170177  
-0.2667808284  
1.099146093  
0.4085622861  
0.6654145753  
-0.7850885492  
0.943728048  
0.3532439347  
-1.830743347  
-1.437174955  
-0.003505837665  
2.657218028  
-1.567493388  
-1.839627455  
1.348976331  
-0.1535219754  
-1.989801025  
-0.6799912892  
-1.894604244  
-1.470137721  
0.5416147132  
0.1394515889  
0.774404477  
-2.035100309  
-0.1937639325  
-1.640423061  
0.779916563  
-0.8374984886  
0.2530073859  
-1.175486466  
-0.4761539347  
0.8527095095  
-0.5698636267  
-0.348534165  
-1.029390503  
-0.6524450026  
0.3006021771  
-1.63835783  
-0.261584634  
-1.412792822  
-1.712917202  
-1.393532885  
1.882242279  
0.4960543658  
1.445685189  
-0.2969645768  
-1.799948926  
1.103151058  
-0.4656470165  
-1.403543207  
-2.183143602  
-1.3144236  
0.2720747596  
-1.260144122  
-1.129359704  
1.588690311  
-0.226835525  
1.393473512  
-0.1703229148  
-1.376302889  
-0.9968940242  
-1.801314779  
-1.181666683  
-1.964449979  
-0.4472454407  
-1.578908507  
0.7030372581  
-0.2058212629  
-1.083745216  
-0.6695141688  
-0.8691965026  
-1.856707812  
-0.4738717841  
-0.4825622076  
-0.3722779024  
-1.144017839  
-1.670702572  
1.483388498  
-0.2613549223  
1.562694668  
-0.07722710326  
-0.2628272197  
-1.015715335  
1.072633321  
-0.1006937778  
-0.5604174681  
-0.2959320919  
-0.8957526465  
0.03383097427  
0.2661545141  
-2.172101229  
-1.034350275  
0.1600188976  
-0.7727442998  
-1.043108183  
-1.561718712  
-0.6861814526  
-0.4148647357  
-1.532420777  
-1.580608969  
-0.7887342348  
-0.4991057511  
0.09881148263  
-0.8219305911  
-0.5530777858  
-1.868208939  
-1.626869327  
-0.2660910517  
-2.027321807  
-1.597580784  
-0.531404111  
-0.6965697965  
-0.6876012345  
-0.2829239994  
-1.131219451  
-0.4290329867  
-1.41095748  
-0.1881461084  
-0.8896490857  
-0.8288051094  
-1.163157136  
-1.375607575  
-0.7122659284  
-0.5985780008  
-0.5170570359  
-1.251432796  
0.02097339224  
-0.689910267  
-0.8272603364  
-1.528787049  
0.01656715932  
-0.1238197024  
-1.872077972  
-1.954810492  
0.3406605713  
-0.9281053859  
-1.421715621  
-1.253567021  
-1.802342118  
-1.543381538  
-0.04363956238  
-0.3795485381  
0.3435791222  
-0.2147880371  
-0.9928117083  
-1.359109666  
0.640247661  
1.815145271  
-0.3743226786  
1.244648568  
-1.003607626  
-1.143171101  
-1.445689584  
-0.9971785649  
-0.5671614791  
0.4467907543  
-0.4789204409  
-0.06273766724  
-0.1544766691  
0.4088119849  
-1.22948105  
-1.849989283  
-0.3695964826  
-1.352212466  
-1.148292629  
-1.275950921  
-0.9778919407  
-0.7199015834  
0.02805705186  
-0.7119719337  
-1.884243748  
-0.386226623  
-0.6847177295  
-1.020715679  
-1.229530447  
-1.276964728  
-0.3455420061  
-0.02601919832  
-0.4646380593  
-0.32732094  
-0.5871995995  
-0.6780269016  
-1.135844363  
-0.4626646014  
-0.3319086326  
-0.9613845525  
-0.3610489234  
-1.018460609  
-1.328071309  
-0.7716201945  
-0.6582591779  
-2.03261548  
-0.8740609385  
-0.4831077357  
-0.925800815  
-0.1207603982  
-1.039234567  
-0.47750156  
-1.013225049  
-0.7529070313  
-0.03386071766  
-0.3442745563  
-0.6534175832  
-1.027947827  
-1.173226793  
1.404243833  
1.619687483  
1.808565283  
-1.104487264  
-0.6609581154  
0.2637775895  
-0.5712234638  
0.354921584  
-0.0680873869  
-0.05139117192  
-0.5186512658  
-1.45554008  
-0.6732034621  
-0.5319931219  
-1.607934309  
-0.7145418878  
-1.002236678  
-1.147940744  
1.278539837  
0.2446402569  
-1.411176474  
-0.9735670906  
-1.480654013  
0.01922052394  
-0.3292465207  
-0.7337348681  
-0.05298579335  
-1.186790117  
-1.70708613  
-0.3244559746  
-0.2311359812  
0.345721491  
-1.457846606  
-0.4573080945  
-2.023242005  
-0.5314866914  
-1.852535139  
-0.347313187  
-1.047929196  
-0.4207618628  
0.3611314507  
1.375903386  
0.1364995228  
-0.09158595829  
-0.2391427512  
-0.578559338  
-0.5614210288  
-1.959492444  
0.9189354334  
0.7406426925  
-1.20835699  
-1.260798883  
-0.1349614477  
0.3349160077  
-1.30463251  
-0.9175230052  
0.2818583788  
-1.09445344  
0.4652765386  
0.1840200547  
-1.052995603  
0.1766055999  
-0.9564828338  
-0.5771438631  
-0.9887543302  
-0.3979360849  
-2.066094176  
-0.7139052741  
-0.2419755136  
0.02320613118  
0.08676646535  
-0.4748918289  
1.935330976  
0.09082710798  
-0.1492909748  
0.6630407079  
-1.401542492  
-0.6327288987  
-0.224625589  
1.382167381  
-1.667975275  
-0.3761795073  
1.209633464  
0.0206378705  
-0.3113899407  
-1.028775664  
1.826521124  
0.0381855727  
-0.1101515021  
0.5453741768  
-1.388333723  
0.1048481635  
-0.6483465052  
1.371291446  
-1.251131726  
-2.05871845  
0.428912344  
-0.9126527847  
2.042312716  
1.41390973  
-0.5031730318  
-0.1886431059  
-0.3620810253  
-0.363228829  
-1.102959258  
2.141224483  
-0.9812866391  
-0.1364056286  
0.2733262035  
2.700940125  
-1.535314345  
0.2021528041  
-0.1729805538  
-0.9860955962  
-0.769147933  
1.177411609  
-0.06021569108  
-0.6469111746  
1.395417769  
0.5636869505  
-0.7935515101  
-1.206383892  
-0.3143701332  
-1.856532717  
-0.6133378928  
-0.8654819743  
-0.9642045456  
-0.1099167566  
1.180473527  
-0.05363909087  
-1.617707996  
-0.5530874719  
-1.436428224  
0.2497582257  
-0.1604297352  
0.2930653791  
0.2890318271  
0.5559870082  
1.025963231  
-0.3354449459  
0.1295234777  
1.061354478  
0.00832019844  
1.601734164  
1.597547855  
0.2889570849  
3.034379152  
1.9853978  
0.01343940981  
0.4428263765  
-0.3672179759  
-0.1378261327  
0.1509132932  
1.621006106  
0.1170104787  
-0.103306215  
0.2668281624  
2.717575849  
-0.2011489818  
2.787219811  
2.98831117  
-0.1082733314  
-0.3679983576  
0.1599352599  
-0.6902363516  
-0.9116006883  
-0.5040405553  
1.03421195  
-0.2929697251  
-0.5667464995  
0.3369675693  
0.2697756957  
-0.4567628742  
0.1048731759  
-0.7359260697  
0.307225351  
1.792877835  
-0.2489243296  
0.472109918  
0.6837725464  
0.3552735588  
1.32008561  
3.065734435  
2.833902704  
2.93473381  
2.871872471  
0.998457104  
-1.151519056  
0.1149712465  
2.127655081  
1.626000057  
1.741712605  
-0.1575422988  
2.420120402  
2.912369438  
0.05501400071  
-0.7520288559  
0.9860848337  
1.333387102  
2.522727343  
1.631268394  
0.2653424897  
-0.6000551255  
3.517572374  
1.89434249  
1.212222098  
1.544500214  
0.9183654757  
0.4432161747  
-0.7461167813  
-0.8218452743  
-0.4203697604  
-0.1537303539  
0.2971264028  
-0.2020063795  
0.2480479397  
1.021840974  
2.140228682  
-1.062395962  
0.03479412239  
0.03230116436  
3.010818279  
0.7007161285  
0.6750282946  
-0.1016707163  
-1.168076  
2.355925689  
-0.5504350028  
0.8897484116  
-1.323341497  
-1.129835115  
1.319349407  
2.34400607  
-0.6276888898  
2.417504917  
0.3422906422  
0.3938784855  
-0.3574645844  
