-0.2833611313  
0.237227462  
-0.4519908732  
0.04006746871  
-0.6312432132  
-1.045324373  
-1.059776751  
-1.888250312  
-0.5078224394  
-1.600073335  
-0.3126004876  
-0.8530065355  
1.580681228  
-0.8223091713  
1.698275169  
1.143801453  
-0.5332695155  
0.01602285655  
0.3129583155  
0.1835830659  
0.009313957284  
-0.6639940323  
-1.601673875  
0.5538850231  
-0.2671234349  
-0.5349861489  
0.6085905892  
-0.2663499097  
0.4967070674  
-0.5806366612  
0.3353495957  
0.1607091575  
1.447305628  
2.062443671  
0.1464660694  
0.6996765341  
-0.3966066612  
0.004910543525  
-0.363156125  
0.3620291304  
-0.2666893626  
0.6923096125  
-0.5749682781  
-0.1445395736  
0.1112547568  
0.0318177494  
0.6048632724  
0.194640389  
-0.1899664528  
-0.7849710964  
0.2623515551  
1.396011717  
-0.6431163313  
-0.05426019568  
-0.60213358  
-1.067756564  
-0.7858239158  
-0.993207591  
-0.6481700176  
0.2773085036  
-0.623297508  
-0.6152132257  
-0.7496989416  
-0.1554448818  
-0.6811488626  
0.4670024316  
-0.3891861832  
0.4405051574  
-0.7078774126  
0.02350084855  
-1.438765984  
-1.199711111  
-0.5782380985  
-0.3958023139  
-0.9540685648  
-0.8242406344  
-0.6754426036  
2.160671558  
-1.019077251  
-1.171181191  
-0.6252298211  
-0.03147189492  
-0.5180041362  
-1.103713723  
1.167167518  
-1.521185082  
-0.1014862028  
-0.9125746849  
-0.6914635684  
-0.3570479582  
-0.6013551421  
-1.580144315  
-1.203016884  
-0.9060010824  
-1.182575882  
-0.9563489417  
0.1715298188  
-0.3810999666  
-0.6068595656  
-0.7857257475  
-0.8615409747  
-0.8525929656  
-0.5038540757  
-0.5268649304  
-0.2967473363  
-0.48359477  
-0.5587808317  
-0.6465272246  
-0.9608650066  
-0.01860944403  
-0.3664195601  
-0.1777710578  
-1.041777655  
1.466999027  
0.1203032882  
-0.9302529  
0.1726621167  
0.1070006892  
-0.3740336714  
0.08695545783  
0.1492973543  
-0.09113526424  
-0.5706976846  
-1.234723254  
-0.1669224175  
-0.5422184596  
0.1303030503  
-0.2336007927  
-0.08010323666  
-0.4237403894  
-0.4608956725  
0.04255835727  
-0.1176713043  
-0.3575878053  
2.306169692  
1.556486311  
0.5527170679  
-0.3264849331  
2.037430389  
-1.294433172  
-0.4071858146  
1.233310039  
2.8447608  
-0.7400949275  
-0.1501953675  
-0.01978442586  
0.241079148  
3.012283344  
1.230298663  
0.4874170052  
1.031566271  
-0.03608935635  
-0.06819224678  
1.250837041  
0.02448636562  
0.8145629964  
0.2090551974  
-0.4131251317  
0.4199774379  
-0.01182945511  
0.3347320577  
0.655575875  
-0.4472725211  
0.7709957252  
-0.05700877583  
0.4033213505  
0.3706024779  
0.05179791346  
-0.3324837676  
0.9397232997  
1.030144522  
1.226789351  
-0.4037641368  
0.5290987458  
-0.5161643742  
1.652436348  
-0.504197537  
0.499669581  
2.177569781  
-0.2384635916  
0.2728894111  
0.2803771755  
0.782513432  
-0.2569523958  
0.7325664481  
-0.3326338031  
-0.5165738825  
-0.1195688256  
0.6387902115  
0.1016893619  
0.8235207791  
-0.5366613595  
0.9753576988  
0.6474596711  
0.8288119747  
-0.5347713607  
0.6763623111  
0.1083959161  
-0.4492076389  
0.04789482738  
0.03126832265  
-0.521450692  
0.6226891053  
-0.08366829464  
0.6855069051  
0.5908797688  
0.5933257953  
1.491805977  
0.9672175268  
0.1245392011  
0.4298607334  
0.6488557485  
-0.111036574  
1.416611317  
-0.005682617792  
-0.02567930157  
0.6001562392  
0.7383109229  
0.5031728411  
-0.1459547055  
-1.001083695  
0.06437724865  
-0.06100866679  
-0.0667383544  
0.3678271044  
-0.02977968849  
0.5946628191  
0.6599258754  
-0.5054636627  
-0.07066109689  
0.2484270903  
-1.061459705  
-0.4726080811  
0.4801756404  
0.3196088164  
-0.4817525626  
0.5940126  
-0.3539748413  
-0.5898005207  
-0.05525271015  
1.095187198  
-0.8752555607  
0.3057281663  
-0.3831904966  
2.247065071  
-0.2541351771  
-0.7713528433  
-0.6756740255  
-0.1965163212  
0.07462225429  
0.6504664859  
-1.257491796  
0.8716191723  
-0.8402651001  
0.0209874536  
-0.3430542689  
-0.09204754823  
0.7466181649  
-0.2074768071  
0.4816054759  
0.9314610065  
-0.5131709278  
-0.4918669555  
2.592900956  
-0.07878199216  
0.7837686302  
0.5492727813  
-0.3234211743  
0.1149130104  
0.1884393964  
0.3167472053  
-1.073484763  
-0.01512186694  
0.4287626711  
0.9822538805  
-0.4902273876  
0.2851914394  
-0.1600377705  
1.726828446  
-0.9600332021  
0.9642956498  
0.134379519  
0.8516027472  
0.01429493197  
2.532515596  
-0.3768636143  
-0.5104367948  
-0.3352045508  
-0.4907068121  
-0.8680734302  
0.6283830779  
1.421553753  
-0.06372618623  
0.08836676389  
0.6941964182  
-0.761437237  
-1.550009321  
-1.537839257  
0.2221041682  
-0.2228004921  
0.9831801848  
-0.9327557101  
-0.318008322  
-0.08177247913  
-1.112190997  
-0.1296396946  
-0.9115491117  
2.483936877  
0.1688407904  
1.256198852  
-0.1430356036  
0.3437138997  
-0.4138490055  
0.9922074877  
1.349491605  
-0.4331660435  
-0.5875816113  
-0.8390828918  
-0.03460203999  
1.116460165  
-0.3575664574  
-0.3833306037  
0.1248843518  
-0.4321431347  
0.5439439369  
-0.9589358284  
0.1760962455  
-0.3517723826  
0.003833959456  
0.230649192  
0.2597946956  
-0.04129775747  
-0.274117605  
0.03334006302  
0.9802706079  
1.068365896  
-1.50935685  
0.28541083  
-1.534187063  
-1.470955582  
-1.616506202  
-1.065582579  
1.29657987  
-1.624597087  
-1.362979081  
-0.07772571743  
-0.5512021163  
-1.05644907  
-0.1398548722  
-1.466709816  
-0.2259703279  
-1.00453185  
0.01281048588  
0.4606933328  
-2.656081847  
1.58197956  
-0.3378428109  
-0.907696442  
-0.2857743288  
0.5809415986  
-0.3183951414  
-1.200341223  
-0.1847604195  
0.696740305  
-2.139132665  
-0.2160481565  
-0.4586433733  
-0.7591998805  
-1.732457528  
-1.112921615  
0.9197715944  
2.00024043  
0.9182062287  
-1.171875128  
-0.7544231716  
0.8088181419  
-0.8877741867  
-0.06440704656  
0.2986642482  
1.119480718  
-0.9456937008  
0.2549368449  
-0.7623297799  
0.7653348708  
1.085022252  
1.679437151  
-1.046704602  
-0.6128077636  
0.05777012987  
-0.2101223773  
0.1534095712  
-1.932400184  
-0.3812077053  
-0.1381234707  
-2.097517492  
-0.6937326598  
-1.664012615  
0.1580477933  
-0.715904722  
-0.4140623663  
-0.04640117721  
0.4347553949  
1.019138789  
-1.320229433  
0.03035041969  
-0.5252909679  
-0.9754432374  
-0.8375679483  
-0.1643479368  
0.8140213269  
-1.09281569  
0.1827110694  
-0.666554686  
0.3328006338  
0.384868185  
-0.4371009106  
-0.05791807012  
-0.5939178055  
-0.02490897524  
-1.783342227  
-1.297031963  
0.3363021673  
-0.006903698264  
-0.08871934328  
-0.670079247  
0.05166283585  
0.4873763737  
-1.396234652  
-1.244507668  
-0.3122867108  
0.3948092509  
0.2199177753  
0.09403619401  
-0.3730738011  
0.3862622362  
0.7597543662  
-0.2237707836  
-0.6232376435  
-0.2289028049  
-0.05868495635  
-0.5160014427  
-0.1791489782  
-0.2763580842  
0.4326506198  
0.1380599669  
-0.5634467786  
0.1819229903  
0.1137604478  
-0.1613924386  
-0.3170114638  
-0.2282469388  
0.04682831826  
0.4471285614  
-0.06781692541  
-0.1998746893  
1.055734331  
2.424927098  
-0.6418201522  
-0.306400813  
0.1905218588  
-1.681369462  
-1.626529749  
1.481228906  
0.8046601435  
-0.9423139744  
-0.3380476505  
-0.1744014295  
-0.9975164803  
0.9411158541  
1.255756178  
-0.708763332  
-0.7892363291  
0.4310781774  
-0.2389586356  
2.485971553  
1.473649488  
1.3918992  
1.61992735  
-0.5640868946  
0.2056670452  
-0.7678100636  
0.05414882276  
0.7913217077  
-0.2454924499  
-0.7185373332  
0.6273705762  
-0.6059404912  
-0.1413273036  
0.6646597332  
-0.836197034  
-1.140940322  
-0.8199465788  
-0.4677516296  
-1.455181739  
-1.321367552  
1.147293205  
1.338369415  
-0.3511956723  
-0.3016437044  
-0.3903962197  
-0.5829848679  
-1.789673795  
-1.436392812  
-1.025511813  
-1.392055233  
0.1048193771  
1.077176032  
1.954208878  
0.1166724715  
-0.8976022034  
-0.7755982276  
-0.5385317072  
-0.731493737  
-0.1114566244  
-0.3311241008  
-0.9257875923  
-0.02038098166  
-0.8674806186  
-1.068758118  
-0.9101988845  
-0.600901188  
-0.03098071349  
0.05748605869  
-0.425903347  
-0.4915140397  
-1.518017471  
-0.5186371646  
-1.889834581  
-0.4000455887  
-0.429064587  
-0.5361879111  
-0.7781731009  
-0.7007565683  
0.9444648322  
1.350551905  
1.255369487  
-0.1260853609  
-0.865057994  
1.187410871  
0.4911920275  
-1.313525177  
0.03495592472  
-0.8127173435  
0.1602044897  
-0.5586704516  
0.3255545277  
0.1880713906  
0.4975413025  
-0.5297952485  
0.1644813316  
-0.3168320649  
0.9100371847  
-1.359547995  
-0.09191296553  
0.50333964  
-0.103223857  
0.0266402657  
-0.07883614244  
-0.9799862613  
-1.220330988  
-0.08193976313  
-0.611367407  
0.3586298358  
-0.19666974  
-0.6095815292  
-1.502078736  
-1.138046995  
0.8295112888  
-0.6834508643  
-0.551391447  
-1.820855905  
-1.727346189  
0.7863565566  
3.343218535  
0.820548811  
-1.454462176  
0.9712363101  
1.134992438  
-1.281801751  
-0.2034986605  
0.387956628  
1.056574417  
1.591084864  
-1.91391022  
-1.278946701  
0.6453357488  
1.294121757  
0.8004447575  
-0.2155605426  
-0.6434175229  
0.7004986529  
2.231748874  
0.1354058788  
-0.9124174236  
-1.206156905  
-0.96966781  
-0.258189932  
-0.9054979055  
-0.9086010317  
-0.4939125656  
-1.512087441  
-0.1055838208  
-0.397774698  
-0.262112722  
-0.05438192241  
2.314650932  
1.104969906  
-1.077809067  
-1.260092486  
0.4175862285  
-0.2324891857  
0.01019219978  
3.107923793  
-0.2184288617  
-0.3357603293  
0.2761054766  
-2.347842696  
1.592981819  
3.301151682  
1.487860365  
-0.2771729046  
-0.4078801448  
1.000666707  
0.1316213984  
0.2748520314  
-0.3648123  
2.036299949  
-0.1601477939  
1.068325241  
0.05402429797  
-1.791665087  
1.156274814  
0.09851207391  
-0.7525295369  
-0.08305791539  
-0.665850226  
-0.8347957796  
2.579497309  
1.03303235  
-0.3267221431  
-0.02623229334  
0.1806689243  
2.864535655  
1.23807879  
0.2680440021  
-1.590766467  
-0.6873279179  
0.4015349147  
0.5705068618  
0.9448465189  
-1.399096419  
0.1779769826  
1.379588727  
-1.022983344  
-1.44043222  
2.25029671  
1.397585049  
0.3305163029  
0.08105640713  
-1.775121558  
-1.072079997  
-1.542446355  
0.9657179522  
-1.303923302  
-1.108874755  
0.5480540939  
0.3393830493  
-0.09820024732  
0.9406203601  
0.1053130307  
-0.3732210173  
0.4192039844  
0.265308438  
0.1352567336  
1.450063641  
0.2553784162  
2.205766715  
2.147091585  
0.4446044576  
2.672277297  
2.673042321  
0.2203591898  
-0.6708003985  
-1.051602848  
-0.6836418814  
-0.2396254166  
1.553464197  
1.802064154  
-0.3509155977  
-1.178948167  
2.60912754  
-0.8386497092  
2.106632785  
3.098209203  
2.826667554e-05  
-0.1016976504  
-1.611900925  
-0.6951248257  
-0.9118719486  
-0.3803455013  
0.6117907131  
-1.184883347  
-1.236700017  
-0.1165525824  
0.4375056668  
-0.4529767125  
0.8584137804  
-1.02851965  
-0.6033643728  
-0.06858288644  
-1.565832936  
-0.2360777785  
3.430029659  
2.006635333  
1.995795315  
3.418171971  
1.403757508  
2.268968705  
1.035625911  
0.1185378236  
0.03175485035  
0.8977578318  
3.547633327  
1.578836747  
2.58084363  
0.04574469796  
2.108606542  
-0.2686172521  
-0.2626712481  
-0.552833764  
-0.4256767923  
1.819693981  
0.7657801787  
4.014211581  
0.09589826111  
-0.6181247286  
2.047888226  
1.061121416  
0.8140038599  
2.012535066  
1.077527182  
0.8396419172  
-1.002258538  
-2.299640711  
-0.7560430862  
-1.560125517  
1.250598545  
-0.5077329412  
0.193919691  
-1.531903311  
-0.0213102887  
-1.317767929  
-1.195688724  
-0.6443515965  
0.3998847571  
0.3992589155  
1.985039779  
-1.155183451  
-0.6569106576  
-0.2559248554  
-0.7606116142  
-0.87730357  
-0.4127648014  
-0.3072333852  
1.060514137  
-0.01711731044  
-0.5412991699  
2.574409136  
-0.1648658096  
-0.6923927833  
-0.576288154  
