0.4850882466  
-1.062465834  
-0.8757186342  
0.6095512157  
1.212608681  
-0.07964717758  
1.221830775  
0.6892512121  
0.8663337653  
-0.1042676796  
0.893894024  
2.217027075  
0.04025864665  
-1.067235743  
0.265537527  
-1.583278421  
-0.0005743651985  
0.01621150529  
1.004584384  
1.132334277  
0.7649073773  
0.8251958715  
1.230627925  
-0.6418455123  
-1.141687988  
0.0823349903  
-1.221342021  
1.116476945  
-0.4775476749  
0.2647326342  
-0.003481554703  
-1.716284975  
-2.10227167  
-0.3952243201  
-0.4504252215  
0.1951632424  
-0.744640253  
0.5657686767  
0.06125630066  
0.1991026689  
1.241501643  
1.483180369  
-0.3435283124  
0.5711449371  
1.695043758  
-1.546741418  
-0.08301090277  
0.2872183783  
0.4622714404  
-0.9467054403  
-1.274029778  
-0.05247860988  
0.9554159087  
1.065748251  
0.865145136  
0.4110874405  
-0.2541781136  
1.399725851  
0.8633543156  
-0.1355609378  
0.8177380285  
-0.163992476  
0.3805712545  
-0.6786428788  
1.107438947  
0.1924265457  
1.056998538  
-0.7859494443  
0.7757362887  
0.007127082191  
1.457131929  
0.9732811561  
0.007089478157  
0.6970405559  
-0.08820764625  
1.082156971  
0.608580252  
-2.296310213  
0.757240421  
1.142355354  
-2.043386887  
0.6883763222  
-0.6376913771  
0.4899128735  
0.2160321007  
1.145467093  
-0.6200115731  
-0.236008502  
-0.2427992637  
-0.8640493901  
0.627099418  
0.7174468892  
0.1384098958  
-0.3872137777  
1.381942982  
0.3537501752  
-1.605982558  
-0.6272329419  
0.8168162103  
0.3162682186  
0.03622705222  
1.18845218  
-0.8125842255  
2.071779863  
0.01793130782  
1.36912913  
0.8443080077  
1.634837362  
0.7278642153  
1.019406329  
0.7101439575  
0.3671755765  
0.4214026602  
-0.3153817083  
-1.00889414  
0.8668781337  
-2.255723419  
-0.4695010662  
1.045717749  
0.9413980184  
0.1327398299  
1.091760237  
-0.347107539  
0.8292787578  
0.9624650504  
0.960180992  
1.738616808  
-0.6431227478  
-0.1839055508  
1.110463675  
0.2930378895  
0.1377362877  
0.7496848337  
-1.674470994  
-0.3012791745  
1.47587555  
-0.5615886032  
-0.2282681356  
-0.5818997293  
0.6341130675  
0.9393767142  
-0.8293254465  
-1.721043071  
-0.2847953068  
0.4589844  
0.1173251182  
0.723386015  
0.4767478554  
-0.1334576474  
0.07429906843  
-1.309096825  
0.5233700562  
-1.573413789  
-1.186285753  
0.268830404  
-0.7310075528  
0.7744117531  
0.4822342172  
-0.6392054272  
1.267808172  
0.9295136947  
0.3101861911  
-0.2538085356  
1.310976159  
-0.07529901182  
0.1735426238  
-1.200330246  
0.2068797953  
0.5557209536  
-0.00316794747  
-1.265198791  
0.04769346259  
0.9324434109  
-0.5467656811  
0.8645204736  
0.937490117  
0.9504686225  
0.8280417218  
-0.3798229541  
-1.243610698  
-1.219736735  
-1.430897231  
0.9974154217  
-0.7391791139  
1.455642219  
0.2860991128  
-0.837611083  
0.9283471599  
0.9849279662  
0.7031334506  
-0.6535725176  
1.584606096  
0.8507252547  
-0.6198267635  
-0.8197295077  
0.6996016434  
1.164883595  
0.7976352445  
-0.8202095647  
0.2080828924  
0.3833465946  
0.643739679  
0.1726325522  
0.8533366246  
0.5844985875  
0.1190122457  
0.5064774859  
-1.330077084  
-0.4025337954  
1.136216575  
-1.310648593  
0.06212050672  
-0.07506377363  
0.7655163243  
1.224976214  
1.418151254  
1.3113363  
0.2857710654  
1.362571337  
0.50541759  
-0.2650096692  
0.5732198881  
1.567345445  
1.860677629  
1.040594892  
0.5356759292  
0.322996239  
0.6807687215  
-1.015848276  
0.1601323317  
-0.09857847789  
-0.2786226235  
0.7111746584  
1.423593375  
-1.268143219  
0.305072243  
-0.4606924526  
0.9071060718  
-0.1270989903  
1.313593738  
-3.060139729  
0.3254528417  
0.4262702651  
-0.5166394505  
-1.214625777  
0.793406064  
0.6286820036  
-0.2091674352  
1.426989742  
-2.198572087  
1.211612354  
-0.9875418378  
0.061411911  
1.387734262  
-0.09306576453  
-0.1580252921  
0.2333783879  
-0.231895069  
0.9947781992  
1.093828049  
0.7671794204  
1.508169984  
-0.3535145578  
0.5963185489  
-1.070512835  
0.453437812  
-0.1118232871  
-0.9650657905  
0.6082313443  
-0.04130298565  
0.9836052829  
0.5509235912  
0.5587381061  
1.477914915  
1.310237698  
0.8121833441  
0.2626291154  
1.609488101  
0.5440117613  
0.3723209088  
0.98944118  
0.2847197222  
1.059428241  
1.271668415  
0.3564007207  
0.06032330285  
-0.3598388516  
0.02191114685  
1.126655853  
-2.052258392  
0.2879930016  
-0.8787563195  
-0.2841318985  
1.233262989  
0.7575133206  
-1.592429689  
-0.2467707798  
-1.400032128  
0.6513856949  
1.546023163  
0.1957762978  
1.088352387  
0.6534568951  
0.5567330052  
-0.834706578  
-1.205005714  
-0.7089198369  
-0.3223833847  
-1.595721801  
0.3595920621  
-1.093116184  
0.2932292086  
0.8074542901  
-0.3393616562  
0.2017662389  
0.3319633519  
0.5535217671  
-0.7699607178  
0.7809231067  
0.6283704702  
0.3884445278  
0.000304807252  
0.5331994367  
0.02087372252  
-0.7088795748  
0.1101155622  
-0.2200831815  
-0.969314605  
-1.062090381  
0.4978993813  
0.5447003225  
1.140334268  
0.135867133  
0.5940292235  
0.1601888129  
-0.4079658297  
1.787243493  
-0.7875452323  
-1.365776793  
0.5109759835  
-0.1662533214  
1.676591661  
-0.3750099076  
0.5330424735  
0.03805894576  
0.2915283205  
1.318137151  
-0.01333964147  
-0.1211291472  
-0.05410648644  
0.1719599492  
0.246809507  
-0.3924853624  
-0.709634357  
2.160373237  
1.308333744  
0.6447544974  
-0.9643805007  
0.7187143205  
0.8455722782  
-0.7234937455  
0.2396703152  
-0.7675293956  
0.7348982146  
0.6631846192  
-0.1580535982  
0.9010812758  
1.091606763  
0.07475741053  
-0.4380426562  
0.3809437518  
0.005091656163  
-1.073761306  
-0.8769770163  
1.270645479  
1.414281589  
-0.128612815  
0.7371092858  
-0.6019315688  
-0.05207657549  
0.3409144759  
-0.02918295399  
1.152370259  
0.5232905759  
-0.2930823001  
1.157310464  
0.6298498751  
1.213810355  
0.1030201096  
1.543221533  
1.140549605  
1.32473773  
1.866582148  
-1.135475065  
1.261190581  
0.3173785163  
-1.278720617  
0.3548909391  
0.1771834792  
0.4149482239  
0.04099664953  
1.124504875  
0.4374620691  
0.9685662234  
0.9864163201  
-1.538548567  
-0.4720023315  
-0.6052941921  
0.4442537454  
-0.7343049488  
1.409309254  
0.7292880268  
1.565566147  
-0.3217393779  
0.2538253571  
-0.5676386598  
-0.7619568949  
1.467940693  
1.500378714  
0.5644728258  
1.454251713  
0.5086041666  
-0.8090405269  
-0.4008733664  
-1.177652883  
0.2708336486  
0.05307988785  
1.989234014  
1.698245039  
1.334168142  
1.071698342  
-1.264704282  
-0.6462664615  
-0.2722244045  
-0.7318624363  
1.221245924  
1.151051827  
1.866785215  
0.5007386932  
1.901169318  
1.887999074  
-0.1218670224  
-0.3057913882  
0.618439619  
0.7739966926  
1.236747959  
1.214141679  
0.4312644834  
0.0924626931  
1.678589745  
0.9161004962  
0.02807221586  
0.8510803755  
2.378478909  
1.221936204  
-1.393026694  
-0.9884246472  
0.5519648921  
1.312308017  
1.527867993  
-0.1661485193  
-0.08286981575  
-0.7238430063  
-0.9084058214  
0.1196882167  
-0.7151953221  
-0.5570630277  
-1.008740495  
0.4470122078  
0.7676357912  
1.01912475  
1.100097324  
-0.4383262827  
-0.05169773775  
-0.0531329104  
0.3755081956  
-1.229579567  
-1.464021681  
-1.912766948  
-0.4549379784  
-0.1353561999  
0.3007383421  
-0.09443671646  
-0.7470294072  
-0.5673262032  
0.7495956527  
0.2120789389  
0.7713183942  
0.8188325015  
0.1606298466  
0.5289686174  
0.4990296974  
0.8719521971  
1.159563715  
0.3939803097  
0.5996493215  
1.118263402  
0.3618464522  
0.6381150899  
-0.6882026266  
0.7864417816  
0.2665444616  
-0.1657745272  
1.075486446  
0.2192747894  
0.9983449762  
-1.230173135  
-0.4937232265  
0.7071643218  
1.405199775  
0.7155345329  
1.034084721  
0.9506291642  
-0.2339337464  
0.738240672  
0.7699481073  
1.494360487  
0.3151438844  
0.8334392504  
1.772843276  
-1.015262293  
-0.9781247358  
0.20208524  
-0.361588773  
-0.02210461371  
-0.6313474187  
0.9240715014  
1.420933118  
0.7269474873  
-0.2683745609  
1.952556969  
1.323763572  
0.4129494943  
0.08864112989  
1.120671031  
0.9131322126  
1.123045914  
0.7970403028  
0.7439160625  
-0.5334713537  
0.0312222337  
0.05081394316  
-0.2300443891  
1.778005098  
1.415491165  
0.2459392671  
0.5417101317  
-0.8781245495  
-0.7723524303  
0.644772038  
0.4651681095  
-1.557250791  
-1.122147013  
-1.281697201  
0.3729337521  
0.4357401466  
-0.923414046  
-0.952829987  
0.4997149497  
-0.2640521125  
0.849155659  
0.987278851  
0.5407114206  
0.3181208171  
0.945062321  
-0.05561847472  
-0.1855560814  
0.9694888331  
0.4385898983  
1.136094012  
-0.5558437128  
-1.242542717  
-0.2604553712  
-0.02491089529  
-0.9490991732  
-1.317778697  
1.249202029  
1.388454146  
-0.7441105763  
-1.067463904  
-0.4622432376  
-1.420501229  
-0.3150750847  
-1.304741699  
-0.6662300297  
-1.128503393  
-1.517377763  
-0.7227117394  
-0.4724982962  
-1.603457721  
-1.514470587  
-0.8749620795  
-1.142843209  
-0.2835583993  
-0.5439415593  
1.660435647  
0.5641097044  
1.082958426  
0.6369417427  
0.7830531426  
0.6901266102  
0.7438277147  
1.461092363  
1.318325079  
-0.7356486662  
-1.74431327  
-0.8403863095  
0.09729886281  
-1.138133051  
-1.101694727  
-1.574414609  
-0.9121878144  
-0.3241175184  
-1.215938557  
-1.422932052  
-1.633871473  
-0.1449938244  
-0.6795714639  
-1.50012688  
0.1164941479  
-0.5608115813  
-0.1025184091  
-0.4690911892  
-1.127428158  
-0.6515406353  
-0.996492684  
-1.986591192  
-2.259464273  
-0.8638819019  
-1.124754376  
-1.236143758  
-2.005275161  
-1.307039524  
-1.151620664  
-1.161981613  
-1.348151953  
-0.4304456873  
-1.162617347  
-1.568339101  
-1.88789424  
-1.223615789  
-1.057125696  
-0.8195807189  
-0.4651082792  
-1.363138604  
-0.1020194234  
-0.596510838  
-0.7863505391  
-1.570331203  
-0.2088807092  
-1.61108307  
-1.050492036  
-1.779463869  
-0.3791896207  
-0.8553041103  
-1.194515943  
-1.946108701  
-1.265684185  
-0.6116735848  
-0.8558599918  
-0.9409135467  
-1.386078013  
0.2611780187  
0.6279053896  
1.769158641  
-0.3795582326  
-1.685879859  
1.05405485  
0.5927461907  
-1.664431306  
0.3342677352  
0.1865182771  
-0.340667371  
0.02459997  
-0.03334836231  
1.213526929  
0.1678210169  
-0.7417173681  
-0.04052757137  
-1.377549655  
-1.638044326  
-1.170132884  
-1.044596199  
0.9725476528  
-0.9300699666  
-1.980549101  
-1.336197084  
-2.232806998  
0.6650321396  
-1.543855047  
-2.457925424  
-0.6863894214  
-1.657338588  
-0.7712957919  
1.160924575  
-0.6190887902  
0.8378170619  
-1.136634261  
0.2723766494  
0.5871459597  
1.005396956  
0.39846316  
-0.6926276297  
-1.31475018  
-1.477218317  
-0.9664492266  
-2.205464178  
-0.9014880413  
-0.8141719378  
0.5073342301  
0.6532618019  
-1.219737032  
-1.801077387  
-1.313433405  
-1.643482059  
-1.268865578  
-0.1357738783  
-0.5170329639  
-1.53377836  
-0.2227915299  
-1.849250593  
-0.4498684931  
-2.37534624  
-0.432665604  
-1.071635575  
0.09565533556  
0.2583434695  
-1.68255775  
-1.129181079  
1.022126729  
0.3126445608  
-2.924400853  
-0.1591921472  
-2.180278271  
1.299995036  
-1.194846632  
-0.8653175467  
-1.087766596  
-2.025012923  
0.452808192  
-2.537473804  
-0.8636143001  
-1.992415664  
1.209319291  
-0.2065602339  
-1.113311592  
-1.524665379  
-0.3439921068  
0.5915891651  
-3.046980074  
-0.2342471112  
0.7015487662  
-1.765165546  
0.4202339103  
-2.151396187  
1.836897418  
-0.5206891161  
-1.732634096  
-2.487961574  
-1.362438271  
-1.086600005  
-1.788284248  
-1.153473995  
-0.3889486582  
-1.123970557  
-0.005850656429  
1.06111485  
-1.895981366  
-0.785347757  
-0.08255567996  
0.09692645321  
