0.3124257627  
0.3852158756  
-0.8384548915  
-0.4753781808  
-0.4110907985  
-0.6708154998  
-0.7133705543  
0.4245819451  
-1.170921589  
-1.623000008  
0.8829973585  
-0.513398414  
0.111308082  
-0.4354345306  
-0.6863091953  
-0.2840822048  
-1.663534167  
0.4759339862  
-0.08169026869  
-0.1287773287  
-0.45070244  
-0.9090320777  
-1.228541841  
-2.366908291  
-0.09111804996  
-0.7797858012  
0.2967591728  
0.6176568336  
0.8834350157  
-0.009492571261  
-0.7733653454  
-0.01461383763  
-0.1975001378  
-1.099810888  
-0.2771503419  
0.6967369436  
-1.00970127  
-0.5815401954  
0.9759946136  
-0.1150595253  
-0.3167565938  
-1.02994477  
1.440558708  
-1.586290366  
3.717159863  
-2.443865809  
1.529120479  
0.5988894621  
-0.2712674356  
0.5559753491  
-0.6483698019  
5.070521066  
1.797640568  
1.616504385  
1.342115437  
2.414412763  
2.539905502  
0.0703625024  
0.5835933167  
0.3251880266  
1.841916972  
-0.9816457115  
0.3682264925  
0.2682770801  
0.4505546831  
-0.08525595418  
0.6860190038  
1.051196234  
2.593555817  
1.403120652  
0.4451200569  
0.02763054709  
-0.4236978725  
1.71533238  
-0.4437794326  
0.3666841381  
-1.011636981  
0.6006320307  
0.2271741243  
1.226641587  
1.326695918  
-0.5625388637  
-1.465088211  
0.5860014044  
-1.199804277  
2.689665861  
-0.5808769053  
-0.6166118081  
0.5106886133  
0.1459912395  
0.1533904637  
1.999243572  
-0.9404515698  
0.004055763185  
0.2003256609  
0.9352403329  
0.5471085132  
0.3176334586  
-0.009043489697  
0.09486486049  
-0.9507252657  
0.8998496406  
-0.1677283592  
1.195344583  
0.7138067135  
-0.6336939205  
0.3547049971  
-0.9190643788  
-1.157410148  
0.9229980975  
1.570624342  
0.3703792814  
0.5267229535  
2.075647526  
-0.06102747101  
1.965189597  
-0.8264827042  
0.1802773936  
-0.3164030617  
0.1591426849  
0.01691041007  
-0.6654161982  
-0.8238703517  
2.74012623  
0.09171936992  
1.098880608  
0.8139319022  
-0.2607357759  
-0.7147646506  
0.3050763481  
3.101457127  
0.437996039  
1.10168848  
-0.09723460638  
1.331298221  
0.1843889055  
0.06011263621  
0.7776809582  
-0.9132169299  
-0.3622261763  
1.348528887  
0.3737244993  
0.02482554904  
0.02653232369  
0.1700566019  
0.2059507113  
1.163034026  
-0.3745527536  
0.264492914  
-0.3158478896  
-0.6150258144  
-0.3750843298  
-0.6277851278  
-0.1544895801  
-0.3356561112  
0.4897570369  
-0.4742519046  
0.04980971545  
0.7084409034  
-0.2432261237  
-0.6423339533  
1.263770796  
0.3341684996  
0.1154655882  
-0.8259034595  
-0.7007019141  
0.0455747382  
0.7984112147  
-0.5628606439  
1.230559345  
-0.6813229479  
0.4077310047  
3.55590932  
-0.7020967985  
-0.6197947387  
-0.8613874029  
0.2177875561  
0.2251574244  
1.935460684  
0.3364547328  
-0.5586917065  
-0.0814356817  
-0.536629209  
-0.1958873158  
0.2931093301  
1.855048481  
1.582719796  
0.968480595  
-2.181722889  
-0.4709756417  
0.1008370789  
-1.012559558  
-1.510889209  
0.8761397547  
0.4876965818  
-0.3731779249  
0.7159207219  
2.955487829  
-0.8812279808  
0.3840385757  
1.92311712  
0.167829005  
1.173942512  
-0.3639736115  
-1.129730109  
1.554382545  
0.6653303324  
1.32888815  
0.9394735936  
0.6283442872  
0.3219839869  
-0.5630025423  
0.2266636929  
-0.1014973885  
1.242401599  
1.33952763  
0.5280724788  
-0.05235939836  
1.023360432  
-0.2104048777  
-0.230737638  
-0.8109779846  
0.02120772777  
-0.7825023622  
-1.249367778  
0.09677769565  
-0.2725496462  
0.3205820142  
-1.170395152  
-0.5126532822  
-0.005529980465  
1.691806839  
-0.007459611941  
-0.7628994155  
-1.15237059  
-0.2702404796  
0.9163560392  
0.7470710565  
0.9009896971  
-0.1953754668  
0.6318427043  
-0.6715085709  
0.6596332513  
-1.253128078  
0.2540069571  
-0.5819231228  
0.6505401538  
0.03842262882  
0.5503860271  
0.4916852427  
-1.0198319  
-1.383555608  
0.157099725  
0.8537883628  
-0.07345386961  
0.03634531253  
1.070389359  
-0.9856418407  
-1.093084948  
2.127851537  
-0.02381523121  
1.06706522  
-0.0173178247  
1.672425141  
-0.4915046674  
0.1930442637  
1.053559868  
3.153472971  
-0.3357660982  
0.03669450753  
-0.2063383044  
-0.2843419794  
0.4861444739  
0.4669985948  
1.346882178  
-0.3627673004  
0.8116692104  
-0.1332671793  
0.8638193544  
-0.6037279408  
-0.2956073482  
-0.1914751726  
-0.2482304635  
0.4006126708  
1.138265801  
-0.1686229602  
0.2997045335  
-0.7313327094  
0.3023620119  
0.4620429258  
-1.172025642  
0.06072319085  
-0.008856003497  
-0.7917203771  
0.6602967123  
0.2122359258  
-1.852305384  
-0.5685138138  
-0.08391092541  
-0.2445263195  
-1.190955864  
-0.936751182  
0.07222779608  
0.4996319489  
-0.6358506036  
-0.3102263032  
-1.995376106  
2.803416901  
0.1670660961  
-1.055491015  
-0.4455787382  
-0.7829756652  
0.3153317008  
1.105323932  
-0.1472085145  
0.7782295988  
-0.4467319092  
-0.6019325426  
0.2530121836  
0.5005349181  
-0.05709116804  
0.2202131892  
-0.06236025201  
1.276577105  
-1.176410364  
-0.3801363845  
-0.04621544215  
-0.8687463452  
-1.041567966  
-1.446573532  
0.07732704667  
0.08927572052  
0.7799436458  
-0.3450055335  
0.3392611601  
3.066391127  
2.063980579  
-1.864556233  
0.2267766896  
-0.2722891342  
-0.8957874066  
-1.102594699  
-1.066246862  
-0.1661113356  
0.201734219  
0.2859278736  
-0.5269875187  
2.074916419  
-0.9330065242  
0.2502694917  
-0.7888578289  
1.755937901  
-0.6281321383  
0.6246094399  
-1.842836904  
-0.4526825779  
0.1478657933  
0.1313427068  
-0.5990837659  
0.341010622  
0.1219580906  
1.220419093  
0.480695798  
-0.4165782976  
-1.375282644  
0.8433923941  
0.05115734451  
-0.07663245012  
2.027613006  
0.5163244394  
-0.993598706  
-1.445537634  
-1.367955564  
-0.57196342  
-0.7927801349  
-0.8502201352  
-0.6709141304  
-0.02768920253  
1.314209738  
-0.2565668894  
-0.8121690384  
-0.1157044022  
-1.189035334  
0.6409093997  
-0.8433462558  
1.083760254  
1.258341585  
-0.6912459288  
0.08636480954  
2.246025843  
0.8493439139  
-3.670496366  
0.06905676464  
-1.629821095  
1.221771821  
-0.6165066532  
2.423972507  
-1.026727365  
-0.747233854  
-1.085616385  
-0.5051139676  
1.608347519  
-0.3014224611  
0.05963435229  
0.7454568591  
-2.440532179  
0.3832245543  
-0.06324541335  
-0.9912556235  
0.158492454  
-0.6538507589  
0.5989827456  
-0.8773080145  
-0.4632382725  
-1.060737825  
-1.36934612  
-2.00356943  
0.1509882806  
-0.4160312247  
-0.7010083895  
-0.9931765783  
0.6806854662  
0.7535217181  
-0.02430164405  
0.7002269137  
-0.6705462122  
-0.1696256976  
-1.769056203  
-1.05548812  
-0.6386620109  
-1.270169477  
1.289126113  
1.809384192  
-1.173263057  
-1.803054017  
-0.07689821188  
-0.4442447863  
0.8223516628  
0.355107227  
-1.342645111  
-0.8915501532  
-0.2621766333  
0.4076193562  
-0.8313537459  
0.2885797423  
0.4156077283  
-1.022157603  
0.8192687223  
1.74366338  
2.231712003  
0.8965619965  
-1.083179122  
-1.237483622  
-0.2123965222  
-0.9582427461  
-1.04520457  
0.9630377404  
0.08448281407  
-0.8184342534  
-0.202823179  
1.460242926  
0.4522179952  
-0.7536371366  
-0.6295005519  
-0.8785285526  
0.02744917849  
0.4669367528  
-0.0391239908  
-1.310786613  
-1.340284257  
-1.744236025  
-0.230927024  
1.182835957  
1.438387495  
-0.4575967897  
-0.4422410593  
-0.7754712145  
-0.8162321725  
1.009210967  
-0.2723834751  
-0.6252953527  
-0.51702132  
-0.06919849222  
-1.658977437  
0.6242006774  
0.2169616205  
0.6929396587  
-0.4345325187  
-0.7273229246  
-0.6902190961  
-0.672572668  
0.7634223326  
1.011492568  
-1.093486395  
-0.8794716088  
-0.4017733966  
-0.8144619418  
1.137125452  
0.658571541  
1.375654101  
1.38405086  
-0.4894422938  
-0.2780762021  
-0.9908056995  
-1.622066443  
1.38196022  
0.3550907028  
-3.044005627  
-1.171348785  
-0.6401552071  
-1.198617141  
0.4577031538  
0.6550345465  
0.9043077603  
0.2171748371  
-0.6557520501  
-0.7498704902  
-0.4448496917  
0.2711144582  
-0.03379424434  
0.5283954345  
0.8529583088  
0.05963689906  
-0.04153119403  
0.5182016967  
-0.3429615492  
-1.142617485  
-2.848500327  
0.4953119155  
1.315675699  
-0.5293737888  
-0.6144532859  
-0.4773546542  
-0.965083927  
0.770563801  
0.6232988438  
-0.7697791591  
-0.8578306367  
-0.6104945416  
-0.3396369722  
-0.7591637638  
-1.045017281  
-0.3967953004  
0.1523379286  
0.02995904252  
-0.4170142978  
-0.4260264927  
1.721732342  
1.06587201  
-0.7168639684  
0.3210984507  
-1.827171205  
-0.4339375875  
1.492340893  
-0.05981978841  
-0.5110658533  
-0.8953446979  
-0.7857386383  
-0.3607069476  
-0.06453289763  
-0.697724372  
-0.4212312729  
-0.5563418201  
1.434913275  
1.196104053  
1.097601694  
-0.1948458702  
-0.8575173252  
-0.6886899598  
-0.2954866793  
-1.401045331  
0.9063591004  
-1.082245869  
-1.335427554  
-1.124804834  
-1.330815679  
-0.3721959306  
0.06431078476  
-0.5753154984  
-0.8882663443  
-0.3691049355  
-0.7880222515  
-0.5324037296  
-0.8481654281  
-1.587375875  
-0.8493636588  
-0.08059619572  
-0.2061308538  
-1.580766793  
0.02429494011  
0.366005116  
-0.09732313233  
0.03393887225  
-0.2521738579  
-0.2036650974  
0.7350408541  
0.6755746673  
0.4580102812  
0.1832913361  
-1.875653035  
-1.224674794  
1.148275602  
0.09939042702  
-0.7920647805  
-0.04023869654  
0.4052347784  
-0.3157588107  
-0.5721463033  
-1.280925238  
0.9035569874  
0.525939823  
-0.2522488459  
-0.8485069508  
-0.1426827621  
-1.849367019  
1.215047234  
-1.603375492  
0.008426591069  
-0.9983199124  
-2.482125552  
-0.5028492654  
-0.01206480216  
-0.110485744  
0.7411098974  
1.555598576  
2.81240977  
-2.816231384  
-1.486438943  
0.1014928158  
-1.263916354  
-0.5839776267  
-0.476863558  
-0.6232520052  
-1.123894714  
-1.021765623  
0.5489563623  
0.2207390671  
-0.5810309892  
-0.5593805582  
-1.692360204  
-0.6805516506  
1.371799647  
-0.8887092252  
-1.259043145  
-0.3853781854  
-0.9851342123  
-1.352025635  
1.12836117  
0.09070561341  
0.6509020187  
1.486373859  
0.02120919706  
0.3487713957  
-0.7994922082  
-0.550673727  
0.6541033608  
2.620843227  
-0.5100428388  
0.424745399  
0.7644904063  
0.2222540718  
0.1335670283  
-1.74384924  
-0.3818553831  
-0.255529318  
-1.338851548  
-0.9053334864  
-0.7847185998  
0.3792542682  
-0.2591652754  
0.120434187  
-0.6703887803  
-0.008021630453  
-0.8897410955  
0.7486035357  
0.7039809664  
1.524833402  
2.928151511  
-0.2224603753  
-0.4155971485  
1.040899556  
0.5113447138  
0.4635952972  
0.3648879412  
0.08907001074  
-0.5142392066  
1.061266087  
0.838764395  
0.8543216771  
0.913649968  
-0.3726912239  
0.8329474746  
-0.2844717888  
1.030986435  
0.3491038156  
-0.3922035288  
-0.4307649266  
0.5087270568  
-0.3818105759  
-0.2336524504  
-0.8674777543  
0.3309714116  
0.1666153333  
-0.1204329778  
0.7748967287  
0.4434819163  
0.5911733979  
1.458908491  
0.09856703199  
0.7050549306  
-0.2111301363  
1.103766402  
0.7112032156  
-0.830971237  
1.556780956  
0.2968044705  
0.6154362003  
1.083315663  
0.3710131835  
0.6475458514  
0.4806277306  
0.1522587497  
1.599814321  
0.07452890309  
1.922026654  
0.6835407665  
-0.9603781411  
0.2512913204  
1.149229032  
0.2792295345  
-0.1436892507  
-0.5374553457  
1.193801339  
0.6705835735  
-0.411425611  
2.07362831  
0.3503595533  
-1.374726636  
-0.4858034227  
0.6584261571  
-0.1657173883  
-0.858919434  
0.291211129  
-0.9468332022  
0.727131029  
-0.1285996001  
0.3704831348  
-0.5147138353  
-0.2759482996  
-0.4144928535  
-1.360284562  
-0.6215884054  
0.5634508663  
-1.331856148  
-1.921836538  
1.513905862  
0.3992802023  
-0.5000417573  
1.212187574  
-0.1998054569  
-0.7005947229  
-0.6981499453  
1.242351843  
0.9930845795  
-0.04928431754  
-1.32961664  
-0.9718622113  
0.05312603772  
0.2750651175  
-1.081483996  
-0.6168815796  
