81915.50429  29674.68758  7623.942246  27283.69032  45669.77452  37760.13027  2661.394144  28888.24072  10395.60694  
2455.52479  1155.223339  11290.63799  11131.98998  21832.36463  19123.11834  8106.708558  16042.68978  11.59731373  
3687.821487  26.82408223  6400.780731  39.99649126  6175.24256  3264.624458  8192.647091  1965.063171  570.2505679  
1672.380823  1002.038043  3189.501742  2267.211741  4619.369873  3883.469902  151.5096551  228.8588666  3384.252885  
347.2872108  758.5325294  4351.624475  3840.863507  1053.312199  1509.199329  1836.741201  3453.191177  3644.76361  
7025.793993  500.9624437  1663.442067  1734.1559  2.728329152  611.3405895  1651.607213  1521.00715  1942.318517  
642.2891735  655.2677784  4619.372513  1509.999421  1088.401635  1415.853756  3269.204738  687.1694553  1254.908651  
2515.766172  2670.598043  633.006342  145.2610923  322.9297956  933.0642928  1101.742649  896.1757152  766.3189573  
2023.650605  811.6634198  3226.663882  993.3323014  804.1290359  1027.656859  4388.51003  2350.669429  237.0253049  
245.7886777  910.8322984  282.7952999  1457.270925  792.1772575  711.3370794  35.888344  2322.198303  1606.027708  
719.3015565  915.607495  1780.230579  145.8946981  998.2310609  150.1663593  273.8685141  44.94026469  2126.645974  
1946.995289  2123.755171  226.2847377  60.3579281  358.8426111  1271.107173  808.6341041  621.8178307  1327.578986  
422.6877119  2.317865261  433.9824397  1361.861376  460.315419  1004.003035  2026.524572  217.0959172  129.3611736  
1634.359259  870.8092422  265.0659291  3317.622784  1212.203457  891.8860275  27.01599983  6303.774626  2523.688551  
554.8533621  3648.408298  124.9755645  318.028648  57.01939018  1644.180683  2592.605757  149.8592658  382.6638699  
47.43213546  564.5453625  1082.969607  440.5047621  1267.343377  756.1778095  1798.043523  604.0581751  341.4109642  
53.7623509  702.20584  87.71982355  703.7738364  201.9308337  2727.549922  2357.348647  20.03900838  443.6965446  
241.8728189  174.6106707  1011.914402  239.2213925  50.98157019  371.5406868  1442.031204  1587.836777  765.1372878  
18.40011477  4343.975021  3562.753045  0.002512302696  1192.295037  533.7540434  699.5357777  105.3648885  402.4307149  
1506.819621  1159.199147  2283.88406  274.7508348  131.7025041  2045.174115  838.8694051  18.74074264  669.4901033  
707.3094745  178.7319624  1680.163202  762.8296927  260.6058249  1302.41016  2080.984537  1682.400556  1289.343116  
776.2838388  1219.76844  726.8424628  367.8685878  743.9490997  574.9215353  731.6462239  2675.831136  633.2294078  
1247.697651  466.0985704  2409.045699  1907.481625  1320.662302  2076.379404  4106.70113  1073.802545  238.5313433  
2097.247839  298.2839583  2585.809382  485.7890785  190.3533947  314.2951914  84.6070069  764.2016803  971.962598  
25.59075833  79.38171026  2329.653746  1298.715542  35.8493311  353.44172  98.66037745  1770.991466  74.25191299  
105.5008289  1030.031127  65.8924742  16.99017423  478.8053182  483.2332424  1051.195466  1319.895634  1005.511328  
1137.529693  799.5675269  245.1085664  327.6303605  638.7662646  235.3668959  156.1525636  1088.917398  850.0794919  
123.0818286  1648.423753  623.7309375  1261.226876  451.0254354  360.889113  11.72065344  59.07602202  474.9738656  
1584.676776  34.51664688  713.3591494  399.3995052  253.5066565  43.41649976  82.01220054  1965.325252  707.0119175  
602.8398047  598.863747  1165.9727  330.9800343  1947.66285  780.1399063  922.734973  1786.603048  1285.843212  
659.6433325  3637.011535  122.0193245  789.2120031  780.1146257  630.7068081  672.916906  1523.375069  77.8309645  
222.6301227  152.2598193  782.8816393  49.38663963  97.55003685  458.8417658  2607.604013  60.77355779  65.25009685  
2135.248303  283.9923586  428.3359612  1052.544336  446.3012942  340.3976512  379.4710801  541.2044208  1086.523977  
78.52382607  540.9599707  1276.462388  461.7322355  299.1893462  490.1116862  1683.846594  315.7909147  554.8622511  
823.6999735  3223.80856  284.2408233  262.5868956  979.6665171  583.3875211  330.2710436  61.31943789  445.8631309  
70.30884633  185.570988  2183.231553  503.7132263  913.6220268  783.7758356  542.4088078  3943.283845  593.7428397  
520.6143668  3595.1335  730.725951  340.7520184  156.7436681  338.1342457  201.4935954  99.73814481  852.4946635  
503.900215  1095.561025  118.856167  394.447037  834.7820565  707.0002422  1166.035067  66.16606091  290.7164043  
454.9122076  823.1103853  646.9543478  2565.159174  1360.500886  883.4090061  655.2861496  1071.947518  244.6370165  
132.0437027  247.0635748  710.6208914  1638.833405  510.4540558  996.8883351  422.3220299  1198.013999  257.6932488  
758.915731  138.7361336  19.56761628  897.5510681  38.32556401  384.3765854  622.267061  1408.628946  499.9429975  
272.1424269  478.4773218  12.55079591  535.2729916  77.00349358  306.5937391  866.455503  724.0276783  907.9881371  
1644.252872  1766.162975  718.0713411  1407.84245  1317.401887  675.1705006  1672.146009  169.2538588  159.0917869  
73.43581322  278.932031  229.8122718  251.2545495  322.760324  713.3440242  1581.984501  1740.085511  653.8639889  
526.9925984  75.18971771  83.80651516  1170.1797  442.7440656  25.91369484  16.81460489  213.441442  298.6192645  
1293.969784  94.05524378  1250.514767  649.0744373  857.8033271  156.3005272  1173.975207  1137.117006  491.9451401  
314.9731551  235.0649502  1736.008852  77.87361994  967.6961516  802.251206  3015.779676  3464.298353  1406.755918  
460.9058517  5925.802798  2877.605302  314.1999594  818.2280851  142.3483664  840.7290258  265.1633097  1059.229931  
561.1805576  875.3644069  245.613053  1115.661864  203.863081  199.2324269  13.49082919  146.4462064  101.9563395  
1304.046586  2.924879437  484.1614106  219.3554773  1126.228789  176.2152955  254.0926016  548.8687091  805.3354695  
325.4545199  985.1936905  218.7065106  990.4831938  557.1635739  410.0334657  49.51404331  134.1810449  1074.253838  
2334.566692  1647.281553  1950.059254  847.5610385  1084.819764  1600.553776  738.769887  1185.963655  468.6594189  
1718.206788  362.3938941  37.5248582  1286.423882  1603.46092  1546.602599  277.7906735  372.8250216  1987.203078  
1279.012285  519.8112987  208.1687861  940.4139031  1133.997811  201.5130231  521.0303153  742.8327631  278.4350884  
565.049828  405.239627  317.566969  453.6245106  296.1852357  261.8918559  20.44517149  1696.231394  1129.687681  
385.9523085  1356.818663  636.287598  21.22667206  689.5337689  970.9746791  472.6780741  709.8788011  1288.111686  
219.4963694  348.9606821  497.6923101  287.1206627  791.148619  160.9654116  876.5810151  310.9256349  1305.735  
203.6351846  807.6872518  816.3459814  122.940584  132.7603083  27.85259647  1583.894222  62.34048867  636.7565553  
579.3381821  125.3063298  236.4808086  798.5891796  3.475535357  166.3154392  221.226244  302.576679  1017.129707  
636.8801769  94.3133423  1102.967451  1232.466104  209.5965199  1375.679346  1156.439193  1902.279338  347.5884788  
91.49737925  748.3336741  34.12927385  254.6450047  279.168271  170.4779482  871.9698866  303.2880911  2281.459495  
213.9212937  370.1677936  633.1253872  453.7189961  284.7622443  270.9781817  64.35758635  92.17907981  1716.887264  
1993.359159  754.4180955  982.3073989  1031.842021  676.7073989  1971.426192  1197.309593  54.76515118  145.890558  
673.3300169  138.3511742  303.3718811  427.9270164  306.8639834  258.9028597  2059.013377  516.3028425  39.47137195  
1236.521014  663.5864559  362.7829932  1451.263473  522.3406477  2445.73586  1092.204626  1384.284208  517.9526684  
712.4220278  490.9194772  1781.705277  845.0680691  409.4368238  210.9071187  27.30072594  1052.686498  1172.583119  
363.7868885  101.9459032  237.9719237  530.5121796  307.002346  859.1068781  642.9354544  565.3290849  511.1929571  
196.0744695  10.57406281  456.700456  4.557834334  595.0946178  2036.5931  1013.532897  1164.671823  408.9199255  
1180.997635  180.1786899  278.7592997  214.0018494  381.5895833  1164.622576  479.1625085  59.55967459  1154.444503  
593.4838554  16.62245082  26.51411717  329.3703866  1129.118797  1168.336812  185.9731852  487.6817441  524.1510895  
332.1078708  248.4067986  739.8488939  67.35986976  485.9045911  301.4469854  1146.924582  46.4443889  45.43700706  
1198.803803  42.44162369  130.3802045  1282.142068  1930.037124  567.2694213  1230.704232  2274.821359  1098.643908  
681.6968747  726.3223915  113.5169197  2314.495153  1002.516462  647.7750477  325.1170981  1154.21741  743.3285047  
335.228124  8.827656033  262.1572248  1450.171479  100.4996868  443.9089424  907.9830203  491.6011979  653.9835444  
1101.875238  573.7376056  1494.474081  2056.975231  114.9873029  412.7019638  1812.352118  75.563816  993.4263445  
301.2461941  1366.068071  1809.102457  613.716454  1464.021997  435.8865251  477.6000784  175.5638402  577.5719864  
536.7015486  176.2630211  79.63658676  371.8735783  134.4587547  856.9773268  2368.729919  38.21397626  276.1564809  
144.0356697  86.55499185  442.8529762  240.4739666  68.17136646  506.3924182  102.2608679  369.4315892  190.2205697  
2170.395305  601.4895978  514.091935  1166.007312  1374.905196  1689.929224  171.6783583  2544.840107  350.467058  
1186.239463  137.1884555  843.4895276  1354.97385  1664.566651  2092.850645  1355.338383  510.0609577  117.8867723  
706.5669669  291.8520807  1610.852907  639.8432183  774.9573985  1172.738912  755.2638737  199.2148306  598.8710757  
669.5835129  34.50244145  120.7845815  319.1939591  2055.801536  11.81045367  576.2260212  206.5125228  1756.545691  
174.5894412  159.0924552  964.0607704  419.8883598  881.8301916  31.06755151  704.1206828  1507.884441  144.8256119  
333.6851896  1363.81293  784.4477231  1144.564928  265.894428  865.6754792  1311.180187  291.5807226  297.3621293  
230.7626697  77.57691243  267.7216862  259.2121227  143.9102245  725.9463407  175.7757745  4072.731558  1674.340445  
600.846892  375.3716426  174.2544749  40.66747318  188.9657365  165.2808374  1006.71398  249.9103181  502.4525307  
592.3811274  549.2635158  920.4093676  615.5757255  94.61024595  268.6156566  93.81100235  1678.939403  81.24836789  
13.20118802  1294.644739  869.1269075  155.6678294  48.3249591  26.7230093  774.743187  1477.113065  3694.656416  
527.3326229  708.9233767  242.231682  473.365121  375.4308695  46.06101749  86.43300181  77.75543965  416.6007746  
42.73339393  794.0432828  670.2957221  285.5011488  38.98632859  366.9410687  1336.827289  86.44781835  990.1215863  
146.8281348  58.94015779  756.2343273  134.7719033  264.7012291  14.13322482  309.4962756  779.4475528  707.3722349  
1222.439114  3838.022424  4875.501486  835.3569934  802.3669939  240.061963  854.3263973  902.6471091  1599.786143  
1463.907243  181.4653031  1554.339009  1007.161052  1241.171068  1071.087  2442.195488  2071.117153  109.0847581  
274.7022879  247.4024984  574.1065641  238.0064121  616.6725464  631.9448662  69.56538273  1404.68217  145.288501  
60.23263578  1222.308999  882.9771096  226.1250724  211.2186093  45.94970784  697.5011697  42.93731842  786.8024688  
914.8892691  889.4747864  437.3251249  1899.108546  1072.980407  1676.168493  1395.00861  374.564647  656.8604599  
249.9290785  934.276731  183.4416258  654.5264169  898.4303278  404.7887336  183.8334082  171.3303224  1174.125578  
1368.467056  203.800288  448.832835  1401.663065  1030.486646  1624.274298  603.025468  356.3868118  44.55736877  
461.262044  149.8697961  60.40652629  448.5877706  1034.272444  335.7751602  48.72367037  755.0943058  153.0153132  
319.7204224  193.6918994  85.63687961  398.8858346  918.9373266  153.2960186  132.7750957  340.2180479  673.8851654  
52.61590537  2916.185614  1969.577366  150.9843359  132.5093518  470.0670764  69.26047683  338.2847312  155.4600302  
618.5807525  84.96046072  488.0743123  50.9230026  359.0454517  1108.68258  2826.069369  891.851952  1839.924105  
304.4650775  1011.722895  1431.236733  1349.365114  967.7474016  1796.649873  2868.746732  23.35073228  1317.921731  
148.3241733  693.8685314  1092.616159  524.0330934  651.3583165  735.4915548  1172.509278  775.0625976  1252.126748  
185.1797505  869.451707  1837.482375  101.0048947  597.4136116  688.5639078  734.9947415  54.50312867  334.1706242  
233.9290707  679.8394608  324.2721872  56.00873884  184.3679675  741.3106039  1126.723709  87.72933155  285.2888512  
237.6405239  2497.601739  946.3231751  892.9820968  123.5501219  402.4120212  831.3126809  51.11086732  103.3134408  
525.8626086  128.50921  49.93029467  2420.547819  91.24677446  161.9343653  1995.615663  301.3470873  39.19793412  
887.3511454  357.4704142  49.66627104  818.0778602  169.2287137  608.8152357  505.5111809  1077.49986  589.217321  
323.5158726  1394.179491  1321.679068  200.7539256  173.7956624  143.404178  285.1184216  422.8542243  131.6278066  
4.032734571  71.14606959  633.3241593  177.2659638  49.21858479  13.90049023  338.7524602  1004.245153  1672.717049  
271.6463082  1576.144144  478.1972516  105.3354488  476.6720146  107.359695  970.0267361  558.0159865  451.5273613  
326.5938903  307.4575585  790.4565687  965.9640897  817.3487883  119.1442054  276.3583137  301.5663399  2450.187611  
475.918689  2581.677013  3722.475659  389.2070638  23.94797884  732.3263935  380.0012558  180.0822254  556.6710442  
79.58158183  154.5164748  320.2494373  136.8589547  105.3124481  260.1407814  528.6844863  1236.444219  1227.382222  
81.66014887  54.21919058  577.4473928  145.8423712  330.5238961  166.574921  393.7819887  607.103599  581.1585077  
292.5650944  478.2862288  95.17171999  1050.768453  463.7957324  400.6834792  1252.624638  234.964261  783.4145409  
1305.183084  1621.004586  170.9574803  1439.08916  1794.80703  527.1567379  1237.30034  1108.564176  972.0213573  
549.2212563  1044.726651  881.3173207  864.1547791  2022.508357  62.30019376  1011.397229  30.45936593  1721.489379  
881.8211168  1121.047182  734.2991304  970.9856681  364.3086792  488.2484298  3560.146197  1225.11864  283.9718652  
231.4252056  2256.381173  164.6804702  636.0209402  145.7257142  58.16089683  167.6717669  60.97619491  174.6914236  
560.4334004  15.95598983  397.60663  714.1262245  445.5620911  653.8002077  786.7450095  131.4219527  351.1891624  
500.8492957  343.3144015  438.0459279  195.024659  508.3346203  150.2313427  2225.536871  132.819551  1084.608301  
1020.57323  470.5935351  90.62072855  1856.007281  700.66593  500.2922392  3114.871409  115.5273514  783.3826613  
1900.054406  9.050317745  280.7119806  544.5480281  1902.636677  1127.667303  1933.196325  278.9318943  1097.842528  
172.0160088  860.1981483  992.8787076  118.3562159  52.81533478  189.6872709  639.1377256  111.1070076  1636.680059  
581.6954214  1578.896634  2585.14925  51.55355392  626.5056984  636.5145397  167.9329308  232.1770633  1516.981705  
835.8385183  1261.668536  1829.417877  1642.586251  978.554848  581.208473  725.0804941  735.88806  972.9344468  
94.32908434  577.0836773  991.7444377  495.3888403  35.53495605  216.5262715  70.61050904  322.6904594  88.44286449  
329.8246974  1005.593678  676.4675382  60.08426387  250.4438521  359.2884466  670.3994694  481.3189134  241.1552548  
727.1524561  120.555997  430.0000114  636.1523408  251.8982798  91.47986506  369.6036034  1202.52203  1283.051941  
446.9045102  1494.258561  1665.514314  574.9828867  851.6691994  1626.764194  925.8774775  28.09400989  7168.84467  
1195.932325  610.3019276  2166.867705  484.1253074  1168.092444  926.8080329  5.250474071  878.4962643  594.4244918  
35.45508179  877.496018  637.0320047  1063.523751  1402.347086  1424.415318  1109.609863  837.7708444  456.9411079  
632.674605  215.6155584  100.5727205  1784.43149  1105.845299  704.7356227  162.3566119  924.6126529  488.0992145  
311.2129911  1166.070788  184.0685173  100.4317104  496.6084306  74.39860628  1463.713618  680.3416357  599.3442941  
1326.482571  95.59488271  445.5714248  1071.407143  609.6128973  2323.605992  76.11538481  176.0161874  1221.882095  
668.4479138  1271.789286  604.5020542  335.4374606  755.4427482  978.7984076  113.0843664  708.2495891  223.5118633  
1076.0198  1246.093722  325.1589932  746.9627191  650.0524281  1457.418819  587.8861794  347.7900934  1648.922335  
15.49476608  1260.43896  1722.381625  1065.17782  184.1417179  1141.146687  777.2651686  227.6299632  760.6362141  
152.2973978  406.1157085  251.8144118  92.8857997  966.7747733  395.5116778  89.12627923  292.805975  1052.249306  
125.9414993  808.3831689  3.944766084  531.7863032  522.2190932  363.8016902  470.9401048  756.4254335  971.5876891  
2.890115989  134.3892271  1071.907915  398.1340567  496.4925975  397.5224206  164.6988328  288.6986965  1028.198475  
656.5371969  668.230839  367.4970462  964.2616324  1091.967324  899.1556566  454.7595603  47.00129407  131.0910096  
211.067187  1171.179414  266.5438535  1570.174073  310.4754463  420.0067447  319.4292935  480.5857061  1162.678642  
90.38443455  761.2621375  196.6658822  130.7851186  11.78125628  178.3433526  229.5780203  237.1023861  547.0213507  
6.976960263  76.81858711  35.03458853  796.2866283  166.7004754  724.1224992  280.9046727  170.1197299  951.269531  
92.36637233  758.6322381  248.4493531  262.0202763  46.26378818  52.49397644  196.2506948  840.0599981  324.7132651  
500.2653395  2263.131847  671.1430704  765.1964006  325.9779066  129.9593068  296.1706166  307.0105305  20.523578  
619.0442146  143.9331649  358.5863169  789.3692829  562.3119782  247.6405156  161.7979538  850.9235476  53.87444234  
304.2720378  110.3002097  91.03636766  295.9447923  440.6128759  811.2711472  540.4625873  2034.891661  2897.813272  
368.9783423  601.0338484  232.9822806  719.180649  219.8422049  46.16849655  28.14768556  2093.981867  7.707034973  
1359.881927  168.0986268  723.5043511  1973.322514  1806.834488  788.5814886  2386.248361  209.6637252  1183.796686  
916.7367589  733.7016531  615.6951033  938.5441664  396.4934646  1513.89004  446.3921077  534.6073324  314.9902978  
672.8470645  765.4900571  72.12273755  1388.693401  122.4438402  30.32751304  2166.720176  156.962659  80.14453131  
926.1824477  292.52377  375.0958995  463.509892  1115.479777  303.8619374  527.7267581  371.4563896  296.2826897  
57.14862304  154.1742601  102.6991098  819.2781983  82.86791789  490.4361869  717.8077981  1043.264211  23.57347326  
43.24097308  250.6747847  1125.85969  149.579257  26.26618943  8.376217529  52.25278711  107.8791454  929.5285558  
716.8494762  395.7915198  538.335313  365.9829862  1187.288412  505.0755205  35.9987709  73.06210006  115.3929605  
433.0748519  1372.540014  1607.397236  146.1160111  84.16255487  73.38529367  568.2644692  331.047723  2608.591673  
744.5684552  225.6425432  328.6652901  326.0981262  104.9798314  416.8448863  92.07395274  18.44890163  851.1289904  
128.4581075  267.3163782  247.54949  534.6608822  182.3497919  1213.315613  607.8502163  635.5536229  542.2782696  
884.9134909  63.07013189  476.5196435  561.2541415  382.4159766  1313.741897  1259.814461  1277.244141  689.4625098  
647.5683234  2509.155482  258.7483786  1398.985774  422.5875411  490.418998  2551.396558  125.6301893  619.7479029  
1895.060991  1787.481228  2524.559602  2655.767191  3110.359441  1415.099989  5119.916603  1535.880572  517.4042896  
1005.70116  993.7059306  216.6563525  1621.231327  844.9389437  390.5858566  31.53521376  333.7604146  1022.358016  
827.4651147  1370.162931  79.50450321  1275.702398  408.4817577  3544.48372  1627.806263  740.8123135  39.31448551  
1053.148578  605.8214072  11.44935876  94.4852417  1209.229787  52.78462738  49.33289039  2483.573134  114.0936284  
139.9399082  390.9277101  422.1924461  914.0355712  172.3798032  482.8645499  990.2690859  584.301673  507.0478923  
465.7213079  108.6771796  630.4827306  555.8878128  1888.058201  8.646023577  624.0992391  130.6370596  121.5779423  
853.1573316  188.1941618  31.67902431  1467.368076  151.8142185  1693.123409  937.572354  2023.852697  1491.489495  
929.9910184  2.302075618  253.2050425  1156.249118  1552.858395  307.5259284  176.6686714  468.3197654  301.1447476  
977.7565916  619.3819395  772.0095095  14.56440722  640.1977398  1505.320002  475.8026343  202.2299482  401.6915562  
566.0244672  194.5047927  595.9816556  474.9667372  771.5848212  398.0021309  678.3263187  113.9926195  460.1183147  
751.6603754  2667.469309  1876.897331  63.02813823  379.4451684  735.8803556  89.67638462  1053.875089  390.3401897  
1162.535338  682.3785849  384.2610733  839.355252  354.2930527  900.315786  912.5273703  186.9322582  165.6787321  
31.22681311  654.4139818  671.0983658  246.172751  275.2687836  114.7828415  393.5752765  771.7891596  163.2114332  
48.74732934  135.5999375  140.3694796  181.234321  20.3345117  406.5589959  513.3640615  57.56736955  124.4571836  
73.09314387  71.05401644  1898.608157  122.1275811  1060.249228  47.58784625  582.461371  483.048486  1537.756286  
105.9480112  132.7651245  423.4416618  257.7723435  329.8573466  373.7158349  296.8076937  414.8632826  586.5234056  
366.7931796  957.2790088  384.5150842  96.63020629  1121.581798  508.4221276  1627.110783  1809.634707  200.6530399  
61.90640583  908.9109045  207.8082643  88.30218797  345.6960711  950.6133971  604.6779661  1630.419653  326.670839  
72.47653774  1359.825792  1634.234328  339.6191153  125.9126355  184.425799  774.6192153  283.4238735  510.2923182  
778.9854403  1082.262068  517.3196024  198.9028467  489.4281374  493.7318768  431.1313207  491.4497057  1134.884484  
887.9075995  282.9773377  149.3489439  1176.015139  523.2405106  493.6532856  1583.725813  523.8799218  2993.686565  
287.4814586  1478.316389  888.9038822  501.6026745  590.247408  420.1868705  252.4030085  45.51588658  264.6915411  
216.9513347  1813.739941  3881.387119  288.7274173  282.3469288  1851.037949  21.24531746  1488.476414  229.0885922  
1123.314798  19.45404942  468.9290452  1085.548369  1938.742307  897.6062325  2623.104544  244.9391071  288.1848251  
165.4435281  226.150305  163.5286141  1354.793255  24.90850548  143.6025781  72.1006462  1389.884168  11.85043709  
893.7593064  184.1454569  113.6373215  476.6384382  888.753531  1284.134683  361.6615028  1030.582967  1362.768262  
36.01980925  3531.431497  2817.113802  206.3706514  74.70136588  537.4437945  407.1759185  559.5185187  1390.242986  
383.7977284  131.7674074  264.409406  1080.76667  225.4633997  368.2655528  289.5840821  50.82542144  238.8792084  
691.0811607  677.7646169  433.8299518  173.9108191  43.78647549  587.9009502  273.6769416  1071.246596  294.1801994  
77.05548955  317.5453827  39.83366212  478.2087351  194.40411  151.0833521  167.7245512  703.1939441  2896.135536  
221.8450467  510.9660191  825.3870498  68.02951443  10.43575178  207.2122633  444.8221187  381.7810011  1145.958464  
104.1534966  20.01314072  117.1239618  344.3908702  119.7282178  127.192501  840.3425786  11.47700537  1758.160073  
66.81184857  794.1391821  1121.084075  740.0118667  38.33896561  10.32281237  468.0714033  262.9989468  1022.796566  
201.6964422  2452.225929  707.128044  881.9254829  22.11984506  146.5469993  534.3244278  1146.579924  3.324557683  
1166.949179  62.7271407  802.6217828  1439.369492  2052.793539  33.99289066  577.519469  363.9883271  117.1234129  
153.4323803  198.7315046  119.6310241  390.2085558  221.7449667  227.6008618  80.51046147  766.0074039  917.898172  
173.7696319  512.2105937  419.8141814  271.6284849  333.6075289  794.9906388  152.107398  235.0588212  1173.864179  
80.50940348  336.0348366  572.0608667  251.6555187  110.5589151  533.6103871  360.3441099  1300.967117  1019.487825  
129.9194087  71.77811729  481.916423  450.7358843  24.15602567  690.3299649  802.8002369  2907.69577  363.3080053  
409.8086402  316.6393667  1006.031673  167.5898876  352.2919725  242.9218341  142.7241776  32.17699375  306.3906293  
98.19401146  34.88499235  233.6333771  114.8043398  286.9530809  698.3821412  195.9360859  175.7702981  76.20325842  
1054.757103  598.510962  211.1641568  1358.000979  164.022022  1770.47445  192.1280979  233.0819828  781.403931  
1263.636751  643.374882  1353.736013  172.7745864  1606.267495  1113.108617  325.5670627  192.1038399  477.8696674  
414.5767793  520.3525479  502.292999  434.843433  598.1072684  283.5913507  965.0393888  8.365400335  273.1193631  
360.9756384  353.0704779  1603.506932  55.55869353  103.2757092  666.2576675  514.8898477  117.7247763  143.2960837  
741.1423032  727.7974856  380.1390167  52.57743686  494.1826304  885.507977  911.987128  9.007040541  815.5056604  
537.4485015  96.90594369  1277.336957  2419.381159  204.4518572  52.15543571  368.666678  100.1547028  116.7002465  
1725.275149  1352.714086  16.83593673  400.7825799  246.020258  1581.205275  1392.228554  516.2733484  1089.313383  
384.0206083  295.4707035  199.060816  529.7570395  107.07137  1245.218955  778.2776035  1618.813821  221.8131173  
321.8963904  799.7473947  544.5094728  562.6948632  73.86561305  521.1639114  555.2111435  512.7067217  371.1137743  
1453.120309  442.9059149  322.4541546  1075.445616  1126.216504  970.7505681  451.8047593  137.4778631  367.4019195  
1060.81911  41.45013256  1777.081837  983.6372265  1531.830097  699.2758888  711.0047244  756.7093249  568.2733921  
709.0149844  2057.497422  527.7618929  387.7995528  803.2815806  916.1296664  1750.289475  199.8362958  1126.355888  
327.2162321  1037.446685  2153.318411  62.15777032  314.8772047  113.5904488  775.9567239  687.1049636  559.9115771  
6.874309101  27.5249398  1347.266368  284.5466934  141.9131694  205.1034863  732.8679573  958.1222629  524.5173885  
88.82457698  563.1181765  1180.226174  881.4170431  302.6875833  1605.949816  336.8930635  238.7473689  4417.154213  
78.27705926  913.6943445  453.4551127  643.3340022  162.7481657  26.14745263  243.1815246  336.5743723  1399.479093  
340.1854745  842.6685928  936.3442819  158.978916  625.5601318  137.4722719  405.8799028  97.6201063  401.7495398  
140.0567054  271.8290775  848.1603589  990.4397984  497.7776212  708.7671493  283.8840399  407.6072384  86.88929655  
538.5367017  497.5746434  155.5347237  889.956883  906.0560867  394.2598792  443.5477826  1646.451314  1211.981964  
777.2852973  412.8516585  94.69015203  483.9523413  588.7457137  561.0558904  35.65673179  300.3181823  618.0733581  
57.9160948  1.428195775  683.1744536  281.388442  195.1174865  108.2652103  492.2516736  91.0983714  2900.017792  
1025.612036  3849.119238  3211.200255  1190.48516  772.0821109  2732.30012  1669.064176  159.2886535  180.3110232  
2239.015472  150.5348571  378.7599735  2292.339575  1600.956341  680.9838824  2490.974671  138.8907988  947.0432769  
1313.65559  482.0070402  11.88130717  524.5802063  383.5267599  2006.345722  758.5182594  935.7705925  629.7622594  
932.0815068  123.0407447  791.0177723  608.5162202  1221.235541  456.954511  412.149538  1399.128651  98.34679541  
896.5266261  12.73389531  446.4032543  956.7865066  1844.699764  731.3127622  1554.879777  503.495444  129.3278309  
226.5703885  711.8071496  459.9710122  635.2518438  678.239945  872.8719322  625.0636606  287.4314944  1014.93074  
151.8437074  562.5538958  529.6406044  101.2409297  495.4822842  64.97933  782.5281829  153.8129562  840.8344667  
255.880979  1156.994252  241.4123965  1004.325935  197.6386049  18.13562417  81.63725154  86.61023792  252.1946046  
244.3535278  86.74221166  602.1848753  457.7405614  147.5581347  1220.702879  484.4571836  161.7054427  37.52955885  
217.3178993  181.9940673  454.6950327  1099.389381  413.5416263  311.4157989  212.2617931  208.9529531  175.4236048  
1659.425092  1095.789999  1002.147601  2749.585861  761.4059558  1021.541243  433.2653753  1732.015859  437.6344762  
2733.3211  572.3283835  128.2755165  3396.897126  1155.614674  745.6623762  3125.592043  277.2957622  1263.239843  
362.8891982  137.9479446  1808.478153  1277.819641  10.30486382  501.372413  129.0301843  68.60366382  315.5812465  
1068.69213  731.2192205  605.3878678  1073.479646  1032.523896  357.4823508  317.6612716  101.9336323  245.8397569  
1342.264048  545.0146835  346.3544777  1363.64959  891.6411654  1235.536309  386.6230599  463.6275514  462.4498411  
51.38577403  1184.371632  1482.046038  1162.433825  37.14984047  888.7829634  44.17466783  304.3885946  191.1147099  
94.0709895  264.6781237  731.3496812  244.2444868  373.1595131  51.40982323  1207.204131  304.3046659  1370.257708  
267.7225156  118.1576798  792.1798294  122.1491301  108.7319867  2508.570652  630.1670193  258.4597158  357.1330425  
762.250319  284.0809299  1190.178857  1505.762839  161.3723887  861.0969908  952.8811566  29.0202993  210.5250408  
1303.509678  1559.598497  32.16691266  1488.364092  1212.519124  192.3152689  886.3590792  979.0287274  68.98549588  
368.1747238  321.6233914  651.5141703  1267.81792  566.2374676  1627.565872  787.1960089  332.0165226  691.1131391  
499.8473873  818.1763139  1203.44275  870.1345654  726.3942551  444.1466815  976.8938101  1262.152776  342.8570147  
587.4577878  3115.959772  702.6027915  817.2171524  391.6854295  240.7680399  1359.797558  415.1922397  2241.693514  
670.6838554  7.224782308  495.5683575  1716.970544  536.5565016  676.493162  1170.283997  288.8390345  399.9041682  
1034.498314  1308.484292  1094.093311  1217.560542  369.167593  1648.961775  97.57224525  26.40085495  88.83537671  
287.2599826  303.2050696  137.8727547  491.1961423  254.7466722  1250.222806  731.8572606  1293.790574  1566.281229  
226.5469113  330.11397  146.4035701  115.8165462  463.1107591  90.81449558  578.2718318  146.1465148  561.5050541  
132.4729982  488.6949856  486.5598826  651.1751898  265.9327742  286.6292206  846.4564061  1636.346599  389.9122218  
240.5023943  1084.74009  310.7857158  696.7660969  92.38228108  91.251059  933.8725333  152.8794605  1017.25864  
60.19221148  132.9971531  851.9292032  57.3885828  737.8609294  60.7278264  232.3851414  1339.902322  1195.003613  
206.4127504  401.0118702  222.7864592  760.766748  40.61668222  645.8078163  921.1461515  34.26837484  1304.523755  
56.65509227  38.17211198  179.1286088  541.1218386  95.95000483  36.87624006  68.33710309  231.075564  267.6733032  
34.40380618  640.7016631  64.90930386  735.8684839  88.71008121  203.1605597  844.9686453  54.69695112  1061.867884  
412.3615231  19.85691253  70.58529283  246.517505  1110.068496  163.463404  244.8961767  272.1141513  1093.745517  
285.4178372  68.54926357  125.7707138  1012.476897  226.5764131  163.1267939  327.7655265  1413.264476  3.347759976  
361.5442691  365.6812153  1057.212225  140.6714982  511.4734582  622.7252479  464.8729848  519.2321656  528.4933263  
819.5309011  739.2263303  802.7078213  336.2067296  523.722475  254.078565  280.837258  478.4471545  482.7056119  
208.4530993  942.6212215  460.5980955  442.6469437  59.81140579  168.9435702  500.3866326  255.2443527  350.8276368  
552.2592081  1329.202507  396.8280048  751.6508811  845.6333604  112.2710409  59.1540745  65.35295349  1837.475443  
501.0042202  131.6266609  261.5467083  1912.967232  218.049929  103.4899006  660.233157  515.202497  215.3001374  
1336.117369  204.7613602  423.4828832  2153.35201  1539.151015  13.16756065  233.7540884  186.2456201  193.5128684  
194.6964331  78.31789487  303.6060255  865.3145382  384.7383831  527.6685827  858.196408  681.4961462  318.2000562  
432.4496489  516.2208817  557.6746892  1252.490548  198.7414069  541.1842056  1131.632332  12.11266631  33.98147202  
41.79248026  121.7445936  48.44104653  261.2165178  223.9390805  161.5865604  245.0020886  20.56381826  1291.224181  
711.3067952  38.00653533  142.677537  611.3503457  538.8899931  684.7770928  125.3447038  88.56978182  5.631271496  
3.451244647  525.6403448  794.0249436  392.0234297  717.7748436  561.9675327  12.73493353  407.6456507  746.9373418  
722.0991467  523.0649745  171.4634133  113.8555393  908.6817901  1732.892993  186.395974  1248.348745  788.1658503  
2.50896685  407.2752457  521.7181755  65.49789601  616.1889876  570.6062336  1575.740458  1188.488262  185.1418392  
594.9999843  970.4642032  16.97661813  215.2140403  742.0803669  147.1935147  229.4847137  584.5049412  571.5963993  
178.3889163  317.1690957  279.9478961  371.7464567  783.9095463  1113.424111  134.6893635  474.1142626  325.6823843  
566.8400588  716.8192858  179.4709781  669.0567315  707.6176363  749.726196  213.2988871  338.081591  283.1575601  
109.2239061  847.2497429  359.9922846  433.3379483  434.8691154  293.7552787  288.4778277  65.09026623  325.7846078  
709.6845885  1408.453893  1254.119633  763.8679819  510.7142175  1113.38627  3128.705981  495.9934499  875.6333662  
133.3570718  775.8332281  184.7690679  144.1138321  923.3525557  367.3560556  1694.840657  207.809588  1341.273224  
122.9477091  1268.973037  87.70019138  129.0954999  117.4356844  774.2119168  43.98686989  840.3205353  1179.479305  
455.0581772  117.5364765  166.1758972  2081.981204  272.3890679  1015.313316  216.480076  153.9850069  183.7805654  
15.85903688  1099.499513  694.1947064  98.49910203  46.65649252  121.3984738  278.6501228  458.8576077  548.1155511  
688.5780608  401.9450079  388.1234839  1306.285113  861.0400577  220.8772209  104.9148002  975.8806745  806.3942964  
298.6055767  465.861638  1799.142421  238.4568737  432.7344462  544.0540499  404.0886186  1377.569503  726.3474909  
29.22890081  995.0562778  1689.813028  22.40315694  173.0430668  160.1101612  1123.015315  221.2403123  1433.705834  
423.5402677  28.18019405  1801.227382  49.57116175  480.741383  155.1079108  447.1484488  3585.012681  443.6224015  
268.1540046  405.5661579  456.0826614  217.9143063  371.4275161  236.0665326  346.1524424  312.606313  453.2240754  
2370.62134  46.44491062  269.228102  1887.234122  1938.03851  920.8273415  1626.388698  431.7883864  425.275399  
648.0888386  133.7577905  16.57137564  829.2911221  936.601339  437.7335106  222.7625621  32.70617573  127.0002547  
115.4043323  107.4887124  383.5005464  9.127827843  272.0454152  676.8898909  809.5241786  2141.881815  670.6436804  
47.17342429  1170.267141  1669.771461  419.5901757  274.3429831  1146.342092  954.9926784  259.7703366  1050.691494  
459.0987528  2912.861247  413.011794  1517.276335  784.3676861  1209.922396  850.8912309  602.5129017  645.2462705  
281.1246229  1492.458606  254.7108343  1260.46514  1657.217412  131.8810232  611.6968191  339.5570692  11.78961799  
458.5465446  1544.197481  152.4155688  147.8176388  493.243873  256.2919263  185.2579483  45.30313034  22.69662317  
43.31656535  1237.117855  1031.786282  522.8633208  685.6436055  79.14188241  100.0216529  289.3802437  4252.665801  
42.87963738  953.2666154  229.3230382  60.16894121  313.6679802  129.7341014  202.0913748  3.868913972  24.05033252  
104.874261  227.9968133  765.9569013  736.316176  127.8981739  37.57891928  396.8623119  740.4655785  205.0894219  
58.03683681  628.278541  1068.50577  679.4684707  109.4522889  78.06388038  613.4748892  1072.431382  758.8501577  
560.7460664  1437.233129  1684.80669  925.3097938  159.0483064  1013.235134  1103.506705  1025.165178  198.7893826  
334.6648201  1287.723497  655.7488034  730.0395032  306.7892011  126.9046107  262.009306  166.6537978  589.3829055  
773.5963266  1292.24601  243.2404143  457.235948  345.7837442  79.08894792  1551.406602  425.3941756  704.8963134  
673.9938887  824.3041978  386.0219104  550.7036755  1079.814955  871.3104931  631.2117939  74.55214117  3422.303904  
204.298808  402.8824586  296.9381589  340.8967626  997.7055186  428.1266851  1195.905847  710.1356145  442.4123869  
72.21261601  239.5632636  75.79778925  230.76602  336.4210195  45.70548867  9.890655584  2785.208712  137.7716185  
933.1741074  834.0511921  314.5161819  142.4780505  467.471397  131.4905282  423.4504887  249.2578532  938.0587216  
436.7947174  456.0436118  1525.683035  146.2393054  1200.200946  2273.309089  752.6546932  308.2081503  30.17103831  
169.2141801  320.2583449  28.85572768  68.62706299  500.3640868  32.36719516  48.60068818  228.1833299  89.94755711  
160.6705576  257.3077983  348.4161415  883.1684586  358.0867695  503.9982738  405.5774203  374.9019755  60.76126394  
172.6040299  531.6400117  363.6673203  333.5037433  539.3923997  776.7552352  190.9706251  247.0599033  353.2356062  
129.4075401  712.3107235  4.290186559  1751.760061  113.5519904  166.3263566  370.6562851  255.3825011  446.4630604  
106.0502903  794.0624473  599.2525182  480.6190965  428.5072322  36.80397022  190.9680441  516.8910203  1422.580137  
137.9948163  1470.380201  3161.841602  316.6316794  198.0106262  38.96467353  129.6710312  167.3107584  512.5745436  
154.0471178  159.4045873  410.856378  733.1159684  1033.721322  19.15859275  400.1673674  864.6648532  220.4570411  
610.290138  458.2676835  985.0356175  681.9986991  283.4115637  419.5319208  264.0495211  775.0492328  693.2234078  
133.5659789  249.7473475  41.63620956  409.1956506  431.7723479  542.6283929  990.5449779  226.155954  930.7715491  
828.6878259  1150.566407  380.2648555  651.7458996  1838.753635  222.5047562  156.4363693  433.3451804  362.3696096  
475.9353191  121.4575348  514.8319866  411.6346034  1053.801666  964.5770013  239.9184336  739.5654783  219.4156392  
135.5081535  1089.022751  40.86804835  29.89255876  671.9579399  463.3212945  382.3957452  187.0199877  881.0662639  
318.6964574  791.8564636  1710.247702  278.7291512  379.343101  1406.400991  231.298026  1120.925523  469.2608635  
16.22367614  366.6205137  1626.300126  411.551111  130.0460202  73.8488793  930.6498818  246.0875473  399.3294292  
177.219332  104.4443878  1137.931094  478.4240144  685.3874835  123.090275  297.4842666  281.672495  882.0071681  
20.05815397  45.30042747  1128.1953  103.5115393  299.6124747  788.4233708  721.7123115  1918.636587  404.4986127  
36.95797454  1646.844638  550.3891613  237.6221771  17.43651316  1111.241828  616.8209637  81.18781795  1153.485322  
214.4076964  42.91327206  0.2703825382  59.5622298  953.7143333  692.3462192  228.8123288  788.5659821  110.9686108  
534.5794046  247.3192287  198.2275988  141.7643955  1735.643087  132.647311  226.2447641  58.05309727  560.3953928  
108.4649671  389.5428004  1620.094589  287.619148  266.8502654  997.6026597  359.0192098  716.0942265  763.6464027  
240.6907258  246.552807  121.3734278  315.9111606  348.7990504  88.31547085  507.9532352  244.935975  116.6187452  
233.1422382  148.0178252  149.2383435  44.87671768  4.511731892  1696.47605  136.1816399  179.631238  327.4533502  
143.9743262  35.26601485  247.9074533  1046.990533  144.8081131  66.92077725  768.0286306  194.7501082  639.249969  
101.9798655  626.6360835  193.5483223  48.05632508  303.1567975  244.9585079  192.6853134  147.006927  294.06132  
817.6573922  618.962345  264.0329587  1486.037276  504.9076377  1622.798474  1105.675107  188.3684473  273.7334261  
15.72690594  366.4362918  607.6646028  494.14967  101.2890108  79.91373516  458.2680943  933.1151256  990.3252138  
19.81446225  395.5711609  761.4391473  7.803807425  154.2794012  42.29921339  817.4960564  1234.317995  496.9310198  
465.113972  565.6101015  13.13160763  412.4138556  1008.946209  103.6922956  1170.657554  1006.445868  552.3608461  
1112.822988  1294.801653  301.6913009  374.1806247  1072.5073  1306.939193  167.3119872  736.7860162  607.63011  
1406.389952  595.706105  166.3671317  391.1278987  840.2461298  268.2464665  1608.200402  25.06465176  287.8821309  
1714.772602  476.0612071  290.7728687  984.0253435  1500.039935  788.2161899  301.0211722  380.3996083  565.9014819  
661.1275153  24.31754499  635.3168719  170.7083105  962.4917934  166.4347705  570.6610627  601.8287963  2000.417238  
265.7245464  1203.062969  373.2368765  751.2920456  112.4010835  694.8967514  552.9660169  1174.988483  981.092484  
286.4140971  23.75220579  74.3486967  232.968332  229.5273273  153.1757754  507.8386548  1347.262808  166.6084596  
731.0312855  625.5235501  798.960979  1168.081162  432.300822  1234.352735  126.9441419  370.0825581  1855.621819  
130.5700152  776.5921464  316.6671681  329.7051288  127.1794103  751.6812378  431.6238525  1310.247877  1027.994706  
58.1114707  336.248712  208.2747364  215.2461112  90.5527876  18.60134188  303.6690377  242.844315  1051.805255  
43.04943776  502.6719563  284.3855034  291.5499165  27.75742328  110.1659318  1266.663787  999.2495981  329.8790448  
463.2632173  95.49359814  27.87554087  1024.942405  538.533023  416.6179407  1221.178279  227.6376203  949.5234864  
178.8979146  110.2921795  697.4189985  120.25902  574.4610854  296.5175949  519.4009432  800.9336973  384.170855  
200.6448764  229.8665948  195.5031815  297.0405757  885.6541339  101.5039395  429.237563  544.6892768  156.636892  
1030.167739  234.0531216  105.1839701  430.627546  1488.232192  1332.466623  769.8951458  462.8016661  770.0366648  
179.0138827  42.9108895  454.0747202  826.3412778  219.1508903  164.273438  436.3240019  72.15406463  250.2641942  
154.3332963  656.5653551  917.7235087  719.3319037  372.4575348  226.3746574  350.0876354  1185.448643  1523.410804  
908.0069413  1092.735221  1692.305729  937.6826019  1079.980496  908.9321919  602.9440299  1162.841832  798.5428374  
1093.542112  66.5770435  966.683052  1362.219881  477.9594303  345.3697222  414.3306367  543.0400411  1316.86592  
219.7837478  419.7201464  289.3284377  500.3380155  78.44029174  1224.095879  781.2603839  361.7437964  82.77610432  
655.7863117  981.0004365  177.2872047  1.003385865  633.292626  177.6473224  236.653157  153.1228255  46.12681377  
44.88558168  398.637038  6.402558184  398.8861149  104.7335347  638.9298179  317.4447814  1024.832529  406.2017167  
649.5307661  504.7623188  1100.055255  329.6235762  935.7270511  1170.481621  975.5223808  420.2074823  297.048247  
553.2123118  786.7646979  578.5745308  388.4916502  1173.122273  42.94096961  330.0407638  1.37024995  100.591535  
56.46720297  240.4883409  990.8258111  247.1672044  295.4584152  93.77787158  215.6550371  1185.589379  360.0030455  
20.39656488  945.5691192  270.5252609  357.5979708  493.5703545  856.8045134  189.6052566  388.9085495  2728.440934  
69.40058161  190.6567738  608.4490653  232.2406529  469.9414205  574.9277247  484.98216  84.97361145  646.2824245  
972.5218848  258.1914891  25.01066585  551.0734551  1770.329247  318.0659909  458.0442086  807.0613633  1054.090772  
1105.064251  2746.960498  1028.919115  883.4043853  1238.324611  296.3643253  907.9772073  619.3612999  369.3545278  
35.47614527  712.1119681  1197.545905  262.353916  798.2248511  2148.025694  42.67717166  741.6987541  833.5357087  
608.3544512  96.5618378  181.6826721  588.4590617  437.5137067  153.6571731  655.3304256  1042.703925  1288.624312  
151.4442553  174.4368796  779.5320756  19.20751479  314.0643867  93.55376099  889.8728901  215.3790167  1871.497869  
29.74935862  446.1022394  528.102846  325.5262472  35.60432363  540.5331184  124.9428922  1500.595923  22.37337952  
257.3757157  111.4632609  184.5132505  285.7211546  142.1779131  64.6613694  664.093341  160.366201  101.6621929  
417.0923606  13.46943612  723.1125777  450.6416195  10.74655103  377.8240813  557.2057994  433.9710426  51.97936418  
187.1876902  117.4953538  185.3286561  307.5760249  765.1313707  425.8064517  1812.072766  312.6519924  1538.047659  
229.8668497  467.0339925  581.5468047  651.3681278  238.4611069  283.4795952  754.4819423  460.7653038  866.6640625  
497.998317  1626.081415  1865.630326  3137.601065  152.9679911  1942.352804  1397.819973  906.9667508  648.442217  
556.3982873  10.53748622  569.2098646  1833.04029  1294.040314  766.8143116  91.98105622  241.4492514  243.0650908  
67.17826205  34.94828979  96.74718274  539.4261633  32.81262938  121.0188308  309.6928565  198.1926463  274.7432273  
213.6621051  65.13901321  288.7125041  14.09627844  177.1220951  83.76407938  95.90565928  905.4150917  688.1836741  
446.5266851  296.6359004  844.3320531  161.0982733  1154.030889  594.0430378  190.3475935  119.2160027  155.3018449  
76.95218956  249.3073894  398.1824564  148.7721637  115.0644833  714.6058032  184.5950923  65.35499123  2184.426217  
186.9847031  157.1185086  428.7144481  463.8070393  74.30325561  30.47142121  29.82236905  51.96206351  169.535163  
113.5619247  953.4915046  214.2444216  540.1011529  1281.242933  347.9060538  163.5735937  197.8105765  334.6718658  
120.2188954  9.62130672  417.7796163  121.1953265  45.38788608  736.91834  207.5512431  1166.668828  1337.715291  
146.3931748  467.9457168  349.7808332  315.690598  253.6787981  198.3091723  661.1538223  160.7873017  146.9907016  
727.7392628  203.6270573  74.16320334  264.5588167  1427.841395  144.3437427  455.7236329  6.360761598  305.1467171  
151.0062735  1070.504746  227.9579587  143.235527  201.3973177  577.0198054  1329.251626  315.1936961  1446.801144  
636.823513  510.343861  167.9734393  795.6119851  578.1044851  736.1217299  601.2604809  71.07338525  396.1393168  
356.9300151  26.31140873  673.8105154  706.5383303  519.7301314  323.0547562  311.557544  381.3842538  144.020695  
32.0002448  1030.192398  556.7719541  1374.283518  0.2231728448  161.6133136  403.1060254  494.9845016  520.6085878  
