-0.6635209131  -1.151364819  0.05527729877  0.007085044774  0.1660585768  0.06510432217  -0.2833611313  0.4850882466  0.3124257627  
1.022391622  -0.5533180357  0.2720244603  -0.008005598327  2.041830969  1.176155418  0.237227462  -1.062465834  0.3852158756  
-0.7017529345  -0.2966293488  0.1858770554  1.513542158  -0.4768868882  -0.6320691233  -0.4519908732  -0.8757186342  -0.8384548915  
-0.5395541037  -0.9861857889  -0.3868539664  0.06596091017  0.2543887579  0.1048665528  0.04006746871  0.6095512157  -0.4753781808  
-0.3237227196  -1.830298107  -0.5053576637  -0.4867520293  -0.2911747121  -0.3551605433  -0.6312432132  1.212608681  -0.4110907985  
2.399257474  0.1979446192  0.7332032368  2.291194895  2.279501425  2.117360694  -1.045324373  -0.07964717758  -0.6708154998  
-0.2394666061  0.03524407158  0.4324374716  -0.1460493683  -0.1524987871  -0.4049114534  -1.059776751  1.221830775  -0.7133705543  
-0.7524220206  0.6540245326  0.7414247769  0.08131141684  -0.3031337789  -1.012623294  -1.888250312  0.6892512121  0.4245819451  
-0.6539160861  -0.1707099525  0.4535472715  -0.7054563671  -0.1524824732  -0.4255318586  -0.5078224394  0.8663337653  -1.170921589  
-0.3334555757  1.323494279  0.6715401383  -0.3109083575  0.23232852  0.6299534777  -1.600073335  -0.1042676796  -1.623000008  
-0.5434167472  -1.031950031  0.1844049552  0.871689748  0.2234352729  -0.4326103244  -0.3126004876  0.893894024  0.8829973585  
-0.7504407362  0.07022066541  0.8839834222  0.277690978  -0.5501284026  -0.7363995918  -0.8530065355  2.217027075  -0.513398414  
1.668953122  -0.4144676803  0.3274130282  1.497599502  2.468317879  1.887483208  1.580681228  0.04025864665  0.111308082  
-0.1905909521  -0.09951720266  -0.4383652944  -0.7237017108  0.06476281657  -0.3649334478  -0.8223091713  -1.067235743  -0.4354345306  
1.910166482  -0.3633750911  0.8961140717  1.521001721  1.174576742  1.541932325  1.698275169  0.265537527  -0.6863091953  
1.548414489  0.8139743157  0.8754131049  1.222452495  1.678025304  1.622071959  1.143801453  -1.583278421  -0.2840822048  
-0.1965113763  -0.1818158789  -2.566576068  0.03651376552  0.05840184114  0.4103887054  -0.5332695155  -0.0005743651985  -1.663534167  
-1.099543737  0.1755067343  0.01218787959  -0.6400036246  -0.03428361564  0.3527279904  0.01602285655  0.01621150529  0.4759339862  
-0.3470949859  -2.087164826  -0.5859619482  0.4058489221  -0.02285173315  -0.0645864109  0.3129583155  1.004584384  -0.08169026869  
0.0447856553  0.4807039308  0.8852715075  -0.1079230595  0.3914255612  0.3512139814  0.1835830659  1.132334277  -0.1287773287  
-0.7894430417  -0.2141408598  0.3196140418  0.4133559434  -0.3644944843  -0.6629274923  0.009313957284  0.7649073773  -0.45070244  
-0.781639221  0.3563104534  0.5414131677  0.1128735533  -0.2330839455  0.1610324614  -0.6639940323  0.8251958715  -0.9090320777  
-0.7344844992  1.170592506  0.8730882017  -0.1730187146  -0.4248162796  -0.7465757228  -1.601673875  1.230627925  -1.228541841  
1.565579082  0.3429533885  1.050173891  0.6263396884  1.351254773  1.879047458  0.5538850231  -0.6418455123  -2.366908291  
-1.143822339  1.790001183  1.52231542  -0.1943575722  -0.3280135688  -0.361507851  -0.2671234349  -1.141687988  -0.09111804996  
-0.4931941023  -1.097325878  -0.7975219025  -0.2297308274  -0.2419192725  -0.4055891946  -0.5349861489  0.0823349903  -0.7797858012  
2.087999363  -1.924731172  -1.209154255  3.547919889  0.2850724588  3.074841897  0.6085905892  -1.221342021  0.2967591728  
-0.7130249948  0.1576223791  0.5586762325  -0.02890503128  -0.07002802729  0.009366182685  -0.2663499097  1.116476945  0.6176568336  
-0.1285179837  -1.809539031  -0.7372194422  0.1715091762  -0.2198813335  -0.1810799122  0.4967070674  -0.4775476749  0.8834350157  
-0.5231109586  -0.943373225  -0.3488927626  -0.1497469551  -0.0163996109  -0.5452782779  -0.5806366612  0.2647326342  -0.009492571261  
0.3059546246  -1.116553193  -0.1876175609  1.772457948  1.363993083  0.5037654616  0.3353495957  -0.003481554703  -0.7733653454  
-0.925232172  0.2922714412  0.06014817996  -0.8462655324  0.3398353725  -0.3216845548  0.1607091575  -1.716284975  -0.01461383763  
-0.5387227193  -0.6128601428  -2.632270868  -0.2977622533  0.8778776378  -0.3514995152  1.447305628  -2.10227167  -0.1975001378  
1.375067334  -1.593146173  -1.395990018  2.7154816  0.5004693519  1.208878308  2.062443671  -0.3952243201  -1.099810888  
-0.486883457  -0.54847707  -2.417234893  1.186486512  0.4616086871  0.7870019329  0.1464660694  -0.4504252215  -0.2771503419  
-0.3852829062  0.172843212  -3.894616151  0.4615628269  0.1360981725  -0.03002016937  0.6996765341  0.1951632424  0.6967369436  
-0.8400532538  0.4621905608  0.1512723243  0.9065004254  0.01839119629  -0.343957807  -0.3966066612  -0.744640253  -1.00970127  
-0.9847025502  0.9938787371  1.328213831  0.1559091731  0.3891013821  -0.07405909318  0.004910543525  0.5657686767  -0.5815401954  
-0.1757742687  0.7925378771  -2.328295436  1.081685258  1.008711633  1.021629113  -0.363156125  0.06125630066  0.9759946136  
-0.7634906785  1.685283417  -2.772485373  0.07479361956  0.7011168251  0.09801350396  0.3620291304  0.1991026689  -0.1150595253  
-1.177036038  1.805057836  1.846302344  -0.4503523315  0.2689591779  -0.2620927879  -0.2666893626  1.241501643  -0.3167565938  
-1.145703061  1.848604622  1.739898428  -0.05799900573  0.01664546372  -0.420958751  0.6923096125  1.483180369  -1.02994477  
-1.203196388  1.176284139  0.9191557073  -0.6227620136  -0.3960805251  -0.6004146362  -0.5749682781  -0.3435283124  1.440558708  
-0.6361162461  0.05246047992  0.06632743716  -0.7143176402  0.5387022182  0.8760163737  -0.1445395736  0.5711449371  -1.586290366  
-0.9000779115  0.1501011623  1.113760156  -0.9379543426  0.0004580511761  -0.8208692909  0.1112547568  1.695043758  3.717159863  
-1.051243612  0.8458403054  -0.4245711258  -0.01863648912  0.6389045301  0.5413938908  0.0318177494  -1.546741418  -2.443865809  
-0.6737859957  0.4952129411  0.6347855667  0.07456825474  0.5979832678  -0.2908886878  0.6048632724  -0.08301090277  1.529120479  
-0.7667854717  -0.9133886722  -0.2094709012  -0.11035748  0.09402638964  0.0386467229  0.194640389  0.2872183783  0.5988894621  
-0.9011930231  -0.09786493667  0.1838872665  -0.6459678314  0.5396458692  -0.2660705352  -0.1899664528  0.4622714404  -0.2712674356  
-0.9719466544  0.132817698  0.5538437519  -0.4450501595  0.2672703461  -0.365226728  -0.7849710964  -0.9467054403  0.5559753491  
-0.6251013802  -1.354785503  -1.175313103  -0.09786036168  -0.04251537838  -0.4119002099  0.2623515551  -1.274029778  -0.6483698019  
0.08480969783  -1.075567294  0.5952995145  -0.2887756981  -0.02161692552  0.3246415657  1.396011717  -0.05247860988  5.070521066  
0.6723046483  1.154114305  1.422485445  -0.1405442562  -0.08924874678  0.726801517  -0.6431163313  0.9554159087  1.797640568  
-0.09511443419  -0.5337219376  0.9336748537  -0.2471788167  -0.03409969866  0.3791190014  -0.05426019568  1.065748251  1.616504385  
-0.4267479178  -0.8963937935  0.4505929515  -0.2124715886  -0.1439944743  0.1247649927  -0.60213358  0.865145136  1.342115437  
-0.4630611366  1.139515835  1.322581559  0.3611026596  -2.373116747  1.411177082  -1.067756564  0.4110874405  2.414412763  
-0.2340315015  -0.8228676886  0.2030526183  -0.2674354075  -1.180107405  -1.153303572  -0.7858239158  -0.2541781136  2.539905502  
-0.8074547906  -0.1556980127  0.8110199799  -0.133920441  -0.5332901039  -0.3079693389  -0.993207591  1.399725851  0.0703625024  
-0.8071876111  -0.2221521419  0.458402081  0.1104159603  -0.2196373957  -0.3597194964  -0.6481700176  0.8633543156  0.5835933167  
-0.770349882  -1.236833103  -0.1021326869  0.0005833091954  -0.08487323342  0.09806147081  0.2773085036  -0.1355609378  0.3251880266  
-0.8187246671  -0.2079569875  0.5599425322  -0.3121906253  -0.4663824254  -0.2626371962  -0.623297508  0.8177380285  1.841916972  
-0.6307942249  -1.216641766  -0.4205860465  -0.1379553103  0.00958077438  -0.01111856961  -0.6152132257  -0.163992476  -0.9816457115  
-0.8844365121  0.9381347845  0.6289124539  0.304098038  -0.2741303861  -0.2849001492  -0.7496989416  0.3805712545  0.3682264925  
-0.09446837424  -0.7939998376  0.1881957673  0.652169444  -0.2979788601  0.6970342999  -0.1554448818  -0.6786428788  0.2682770801  
-0.7564948724  -0.3046091605  0.5236529293  -0.06318303809  -0.3233152961  -0.7022814965  -0.6811488626  1.107438947  0.4505546831  
-0.7652187314  0.5287273065  1.166603764  0.7714050479  0.1571551847  -0.2871562968  0.4670024316  0.1924265457  -0.08525595418  
-0.6655146087  -0.5241659498  0.4170280221  -0.209503456  -0.4053406343  -0.3475555888  -0.3891861832  1.056998538  0.6860190038  
-0.3222890421  1.227573743  -2.94007366  -0.06706774805  0.07810010711  0.8840484474  0.4405051574  -0.7859494443  1.051196234  
-0.9045210196  0.3430455204  0.8664626348  -0.5051268813  -0.04087839852  -0.983197451  -0.7078774126  0.7757362887  2.593555817  
-0.6611171912  -1.216287135  -0.3520109525  0.3129759166  -0.1504112812  -0.2540759117  0.02350084855  0.007127082191  1.403120652  
-0.8423350098  0.998027156  1.563226602  -0.07821655591  -0.4723925031  -0.2514181541  -1.438765984  1.457131929  0.4451200569  
-0.725271087  -0.03483289552  0.5810042821  0.4951269726  -0.5460356403  -0.3200784208  -1.199711111  0.9732811561  0.02763054709  
-0.7268720048  -0.5565485892  -0.02392030295  0.2822499112  -0.0525835575  -0.1248287183  -0.5782380985  0.007089478157  -0.4236978725  
-0.4792889718  -1.083788805  0.1861075174  0.4252140122  -0.4783208883  0.1096068296  -0.3958023139  0.6970405559  1.71533238  
-0.6217750333  -0.9214131851  -0.2476959859  0.2734938967  -0.2565011875  0.01023917354  -0.9540685648  -0.08820764625  -0.4437794326  
-0.8855426611  0.4614032801  0.8449412985  0.08093205438  -0.4049675001  -0.09116130974  -0.8242406344  1.082156971  0.3666841381  
1.023308602  -1.310306242  0.03536557411  1.545274876  0.9467181396  0.904918194  -0.6754426036  0.608580252  -1.011636981  
1.958703139  -1.760298303  -1.29777046  4.390896196  1.368262932  1.487875929  2.160671558  -2.296310213  0.6006320307  
-0.4628157683  -0.7520133613  -0.1093961371  0.2909188607  0.07035461979  -0.0004490524985  -1.019077251  0.757240421  0.2271741243  
-0.6318689516  -0.4453308534  0.3047986875  0.08558709497  -0.4481599728  -0.9985973255  -1.171181191  1.142355354  1.226641587  
-1.312593375  0.5721933104  -1.193678797  -0.1647323033  0.09912351524  0.080165664  -0.6252298211  -2.043386887  1.326695918  
-0.6386268687  -0.2887326334  0.4756980576  -0.02842679744  -0.118053039  -0.3663330023  -0.03147189492  0.6883763222  -0.5625388637  
0.009129253041  0.7451660389  1.104757671  -0.09939373937  1.092172496  0.8283580351  -0.5180041362  -0.6376913771  -1.465088211  
-0.6928025202  -0.6999430532  -0.01652975281  0.2575113102  -0.5121946293  0.009050859031  -1.103713723  0.4899128735  0.5860014044  
0.9320577171  -1.26289339  -0.3442692596  2.415117244  0.4899683113  0.9677912688  1.167167518  0.2160321007  -1.199804277  
-0.8766169311  2.403255748  2.097707284  -0.291593001  -0.4278803656  -0.651142306  -1.521185082  1.145467093  2.689665861  
-0.9818126958  0.8628106078  1.099758358  0.2868246549  -0.4994602007  -0.3886241338  -0.1014862028  -0.6200115731  -0.5808769053  
0.754661071  0.520232674  0.7086673617  1.605172492  1.768520103  -0.2020095243  -0.9125746849  -0.236008502  -0.6166118081  
-0.6625499606  0.4681207892  0.725990115  -0.3672245263  0.2888822524  -0.04223986089  -0.6914635684  -0.2427992637  0.5106886133  
0.1170839264  0.08876592754  0.5140882992  0.4787947709  0.4186300003  0.8400854192  -0.3570479582  -0.8640493901  0.1459912395  
-0.6994141095  -0.09957332566  0.8448061107  0.11126644  0.06686480758  0.03809808669  -0.6013551421  0.627099418  0.1533904637  
-1.005013602  1.049009819  1.109707926  -0.2555064999  -0.1099914615  0.3766619782  -1.580144315  0.7174468892  1.999243572  
-0.7007720121  0.516215913  0.8589422133  -0.1801587059  0.2484041183  -0.2222175038  -1.203016884  0.1384098958  -0.9404515698  
-0.9051209607  0.3044949927  0.4699053034  0.1674561269  -0.3437270475  -0.06190170454  -0.9060010824  -0.3872137777  0.004055763185  
-0.7132748669  0.4220062863  0.8204038077  0.08989696773  0.3737232734  -0.6256461886  -1.182575882  1.381942982  0.2003256609  
-0.7523826592  -0.2271553904  0.009763439385  -0.09107607969  -0.2037413323  0.3984008026  -0.9563489417  0.3537501752  0.9352403329  
-0.4220221395  -0.8921577316  -0.3746324307  0.2583154828  -0.3688525403  -0.3387583524  0.1715298188  -1.605982558  0.5471085132  
-0.7065735944  -1.431036581  -0.584340008  1.302670088  -0.3249428993  -0.4271506454  -0.3810999666  -0.6272329419  0.3176334586  
-0.8741591226  0.2967060948  0.4094268334  0.01403027483  0.1277430919  -0.1916155301  -0.6068595656  0.8168162103  -0.009043489697  
-0.7549326586  -1.302443233  -0.3029250535  0.2900745087  -0.3381341407  -0.01367665573  -0.7857257475  0.3162682186  0.09486486049  
-0.4508609534  -1.361256807  -0.4197408204  0.602003482  0.5460545125  0.5160111463  -0.8615409747  0.03622705222  -0.9507252657  
-0.8370282151  0.3149717178  0.7792797852  -0.4018184418  -0.0612365162  -0.6138127645  -0.8525929656  1.18845218  0.8998496406  
-0.8369098218  -0.07202704279  0.1385970664  0.3303700055  0.01331112024  -0.1575073212  -0.5038540757  -0.8125842255  -0.1677283592  
-0.1034666936  -0.4520882795  1.014807073  -0.0454377277  0.131942375  -0.08707084272  -0.5268649304  2.071779863  1.195344583  
-0.9498289189  -0.63154709  -0.02187210186  -0.1851283405  -0.7963432935  -0.7601997447  -0.2967473363  0.01793130782  0.7138067135  
-0.4996588427  -1.240567946  -0.1611017617  0.05510760014  0.3446287761  -0.2591751152  -0.48359477  1.36912913  -0.6336939205  
-0.544060613  -0.6582448304  0.2073351553  0.2936221122  -0.2092841012  -0.08110335749  -0.5587808317  0.8443080077  0.3547049971  
-0.8026521046  -0.1551367378  0.8126891976  0.2561486876  -0.4536963622  -0.6306564654  -0.6465272246  1.634837362  -0.9190643788  
-0.6292118373  1.135946946  1.027380437  0.2439924353  0.02271968464  0.3519074266  -0.9608650066  0.7278642153  -1.157410148  
-0.6598500014  -0.919196783  -0.1350150889  -0.03463956524  -0.4753284292  -0.4320455227  -0.01860944403  1.019406329  0.9229980975  
-0.5883860897  -0.5457053624  0.1706822909  -0.6312025222  -0.1190531243  0.372445818  -0.3664195601  0.7101439575  1.570624342  
-0.6005841815  -0.8334944122  -0.1696298463  -0.1125240943  0.1700953091  -0.1285301796  -0.1777710578  0.3671755765  0.3703792814  
-0.9009518007  -0.4604120571  -0.07150163364  -0.2606322657  -0.2849278293  -0.4091011892  -1.041777655  0.4214026602  0.5267229535  
-0.4377291235  -0.5552206015  0.127324623  1.623912084  -0.637364688  -0.1507155558  1.466999027  -0.3153817083  2.075647526  
-0.7882575791  0.1344243834  -0.140695205  -0.6780060647  -0.1202879901  -0.2499211958  0.1203032882  -1.00889414  -0.06102747101  
-0.6921079074  -0.2545109736  0.4082337793  0.1052018498  -0.6345913825  -0.5922677807  -0.9302529  0.8668781337  1.965189597  
0.9536239151  -1.311583483  -0.8716089247  2.282131541  0.7260770518  1.797573439  0.1726621167  -2.255723419  -0.8264827042  
-0.5152123967  -1.75343337  -1.210575889  0.4894048827  -0.2438901694  -0.2094883495  0.1070006892  -0.4695010662  0.1802773936  
-0.6141290126  -1.359781833  -0.3333174512  0.5895147163  0.2443207407  -0.1868375686  -0.3740336714  1.045717749  -0.3164030617  
-0.6789842708  0.2839496234  1.009634241  -0.3460570668  -0.05195126221  0.03569189552  0.08695545783  0.9413980184  0.1591426849  
0.09492340258  -0.5249823903  0.09176102652  0.1655120701  0.6979501648  0.5226913165  0.1492973543  0.1327398299  0.01691041007  
-0.9996509402  1.230230535  1.520680272  -0.1417461769  0.370246509  -0.2758368238  -0.09113526424  1.091760237  -0.6654161982  
-0.8828720764  0.4056480737  0.4476164254  -0.235996392  0.1858187763  -0.1687693071  -0.5706976846  -0.347107539  -0.8238703517  
-0.9836258597  2.178507675  2.241761115  -0.5948205945  -1.122887187  -0.4263077078  -1.234723254  0.8292787578  2.74012623  
-0.7937466305  -0.8930522426  0.2086987266  -0.1066766387  -0.2984553807  -0.002512799651  -0.1669224175  0.9624650504  0.09171936992  
-1.000762545  -0.4351418808  0.580640468  -0.5948797668  -0.586621179  -0.09341585902  -0.5422184596  0.960180992  1.098880608  
-0.647852569  -0.04406069976  0.6422514716  -0.3860847447  -0.5329068056  -0.06476539993  0.1303030503  1.738616808  0.8139319022  
0.0834861346  1.398896938  1.201807827  0.2570074652  0.8562517608  0.1873058102  -0.2336007927  -0.6431227478  -0.2607357759  
-0.744369562  -1.15694708  -0.9040375218  0.2261668812  -0.1374988039  0.3029886207  -0.08010323666  -0.1839055508  -0.7147646506  
-0.6564611849  -0.556089297  0.2745015386  0.07900258612  -0.1593431575  -0.08662353454  -0.4237403894  1.110463675  0.3050763481  
-0.9529875231  1.781781761  1.989071416  -0.2561263905  -0.1429118881  -0.9037775264  -0.4608956725  0.2930378895  3.101457127  
0.7873067832  -0.78411542  0.3792710319  1.141160859  2.333379687  1.2740239  0.04255835727  0.1377362877  0.437996039  
-1.393465133  1.244917949  0.9179445749  -0.6595922101  0.09523884799  0.9779147367  -0.1176713043  0.7496848337  1.10168848  
-0.9326007714  -0.3388508989  -0.0322823226  -0.5579464732  0.7179437434  0.03656625742  -0.3575878053  -1.674470994  -0.09723460638  
0.4266055181  0.04287557315  0.7091863459  2.061051511  1.105589584  1.674154614  2.306169692  -0.3012791745  1.331298221  
1.320341434  -0.9498105592  -0.00276649035  0.9723760247  1.898456778  2.663613651  1.556486311  1.47587555  0.1843889055  
-1.078039911  -0.009683022578  -0.1363348418  -0.9317647462  0.0546513698  0.9776421106  0.5527170679  -0.5615886032  0.06011263621  
-1.095185528  0.1289598861  0.09335089634  -0.4376383119  0.8252884487  0.1741318515  -0.3264849331  -0.2282681356  0.7776809582  
0.2131640779  -0.313781595  0.154005082  2.11527546  0.975949229  1.431299947  2.037430389  -0.5818997293  -0.9132169299  
-0.9445004197  -0.8989546585  0.1474760463  -0.3999724308  -0.1959802961  0.4476970674  -1.294433172  0.6341130675  -0.3622261763  
-0.9256625449  -0.6449311256  -0.1604669941  -0.09060008502  -0.3961687527  0.304483748  -0.4071858146  0.9393767142  1.348528887  
-1.616686727  0.2731739163  -0.6503245914  -0.7565168984  -0.6669378049  0.05289252621  1.233310039  -0.8293254465  0.3737244993  
0.4243170754  -1.620531782  -0.6524845246  1.355468033  2.714177606  1.81880566  2.8447608  -1.721043071  0.02482554904  
-0.9236332585  -0.7535276912  -0.4572588566  -0.6322813334  0.04677999898  1.132482306  -0.7400949275  -0.2847953068  0.02653232369  
-0.8271068947  -1.330378327  -0.3447204527  -0.2922496855  -0.03816662119  0.3366847874  -0.1501953675  0.4589844  0.1700566019  
-0.506056654  -2.119531242  -0.8953198746  -0.03019208168  0.02823460584  0.8831273854  -0.01978442586  0.1173251182  0.2059507113  
-0.8768270736  -0.08442178887  0.6003492345  -0.7003159296  -0.0410057198  -0.6345366495  0.241079148  0.723386015  1.163034026  
-0.6687298073  -0.9356505657  0.0521907482  1.689746624  0.1453301856  -0.7135724556  3.012283344  0.4767478554  -0.3745527536  
0.0701552749  0.1756923127  0.5160533057  0.06970667682  0.4629472898  1.612534333  1.230298663  -0.1334576474  0.264492914  
0.5617203542  -0.2083094525  0.3851263081  0.8472749715  0.9747174341  1.771998662  0.4874170052  0.07429906843  -0.3158478896  
-0.3139785519  -0.03806849571  0.3200556847  -0.4338629905  0.7713758267  -0.2515247591  1.031566271  -1.309096825  -0.6150258144  
-1.303923342  1.115089024  1.130175921  -0.7022188184  0.5503496451  -0.2986213377  -0.03608935635  0.5233700562  -0.3750843298  
-0.7818085514  -0.5372279855  -0.5137368186  -0.1886061706  0.9031849546  -0.03481448233  -0.06819224678  -1.573413789  -0.6277851278  
0.5159691434  -1.38008802  -0.1193319549  1.711908782  1.877290563  1.076477204  1.250837041  -1.186285753  -0.1544895801  
-0.8532560494  -0.03036922881  0.6134994832  0.3788911877  -0.5629767172  0.6263856631  0.02448636562  0.268830404  -0.3356561112  
0.02036866217  0.1291691768  0.6831476444  -0.1917099206  1.133050438  0.2880545128  0.8145629964  -0.7310075528  0.4897570369  
-0.9552782865  -1.443757125  -0.4639721164  -0.2086535563  -0.3299119958  0.5680874528  0.2090551974  0.7744117531  -0.4742519046  
-0.1743566849  -0.9840431281  -0.5033631743  -0.1565619429  1.469930108  0.3063960272  -0.4131251317  0.4822342172  0.04980971545  
-1.020608572  -1.280164795  -0.6212185161  -0.08729799306  0.5352078602  -0.6956819758  0.4199774379  -0.6392054272  0.7084409034  
-0.82818043  -1.025294707  -0.1460185783  -0.2288711522  -0.1633663802  0.6294910498  -0.01182945511  1.267808172  -0.2432261237  
-1.087218258  0.2444772644  0.6954695288  -0.1117642683  0.5250652956  -0.2799732334  0.3347320577  0.9295136947  -0.6423339533  
-1.019360687  -0.5095675247  0.210171791  -0.6220085392  0.4270174698  0.5054610927  0.655575875  0.3101861911  1.263770796  
-0.8581984982  -1.251677162  -0.3219579937  -0.3469589775  0.5052702702  -0.8413459521  -0.4472725211  -0.2538085356  0.3341684996  
-0.7660049987  -0.8141392975  0.4048753336  -0.6633439036  0.6831143631  0.1368752939  0.7709957252  1.310976159  0.1154655882  
-1.054519784  -0.09219832265  0.2161431025  -0.5200844084  0.1158235615  1.099569518  -0.05700877583  -0.07529901182  -0.8259034595  
-1.113260643  -0.8591366285  -0.2580751668  -0.1387216432  -0.3767712262  0.7714600016  0.4033213505  0.1735426238  -0.7007019141  
-1.152382847  -0.345549043  -0.1830119027  -0.6484095346  0.6621407182  -0.2324620443  0.3706024779  -1.200330246  0.0455747382  
-0.9617759065  -0.602003276  0.2113287567  -0.5988834614  -0.1329980087  0.6435362544  0.05179791346  0.2068797953  0.7984112147  
-1.275520677  0.4595341698  0.6394461746  -0.5886436457  0.6427058771  -0.6311329013  -0.3324837676  0.5557209536  -0.5628606439  
-1.087939649  -0.1154312857  0.2194291183  0.6946212128  0.5172284781  0.5293144636  0.9397232997  -0.00316794747  1.230559345  
-1.136905819  -1.064211437  -0.9045886272  0.9265225639  0.1951745109  0.05392256213  1.030144522  -1.265198791  -0.6813229479  
0.8012542504  -1.868375037  -0.8411277146  1.381641459  1.512518202  1.898961589  1.226789351  0.04769346259  0.4077310047  
-0.8574685204  -0.9578064968  0.04935265881  -0.4991284719  -0.7071088828  -0.3705280844  -0.4037641368  0.9324434109  3.55590932  
-0.8358772464  0.7703589894  0.1650388985  -0.7990690419  0.1899794939  1.570157594  0.5290987458  -0.5467656811  -0.7020967985  
-0.9225162823  0.6504862321  1.049013188  -0.3796286167  0.8204983761  -0.1911645826  -0.5161643742  0.8645204736  -0.6197947387  
-0.6047100558  -0.1815452932  0.6348569654  0.5580269099  0.9870886717  0.2587715848  1.652436348  0.937490117  -0.8613874029  
-1.370121939  1.522376002  1.442473204  -0.9592307385  0.1310609019  0.9989370877  -0.504197537  0.9504686225  0.2177875561  
-0.9967943104  -0.2559408624  -0.03081150866  -0.4142978308  0.3299337145  0.8061758568  0.499669581  0.8280417218  0.2251574244  
0.241828849  -2.609172516  -1.206580289  1.578759176  0.8307089593  1.671116885  2.177569781  -0.3798229541  1.935460684  
-0.8282510439  -1.263016398  -0.7256533711  -0.2002098874  0.4024025886  0.739985154  -0.2384635916  -1.243610698  0.3364547328  
-0.9872255836  -0.4088875116  -0.1495360915  0.1975883363  -0.3825901569  0.4308558202  0.2728894111  -1.219736735  -0.5586917065  
-1.007198871  -0.4789193282  -0.161368735  -0.3792658595  0.58312563  -0.2646996463  0.2803771755  -1.430897231  -0.0814356817  
-1.245289418  -0.8186872793  0.04862473541  -0.2320550352  -0.4474085867  0.7936441622  0.782513432  0.9974154217  -0.536629209  
-0.9167243485  -0.09118977548  0.02275119408  -0.7712936306  0.7948013175  -0.1194079869  -0.2569523958  -0.7391791139  -0.1958873158  
-0.7483444063  0.002292774391  0.5784881097  0.1634475972  0.6378023734  -0.5519093714  0.7325664481  1.455642219  0.2931093301  
-1.059753081  -0.1668670106  0.1851015441  -0.6416884303  -0.6895790647  -0.03012999509  -0.3326338031  0.2860991128  1.855048481  
-0.7271394143  -1.119694307  -0.5194287723  -0.1695184434  -0.4280928678  0.5105245984  -0.5165738825  -0.837611083  1.582719796  
-1.244256678  0.8537938632  1.289240753  -0.8717362093  0.2260028531  -0.8532090815  -0.1195688256  0.9283471599  0.968480595  
-0.8694504111  -0.6556156038  -0.2123110101  -0.07565469644  1.096780514  0.612672329  0.6387902115  0.9849279662  -2.181722889  
-0.7531612043  -1.124641739  5.090291826e-06  -0.457729133  0.9422209652  0.1094166793  0.1016893619  0.7031334506  -0.4709756417  
-0.8493356267  -0.5001293576  -0.2289554758  -0.1519568417  0.3097234076  1.289818297  0.8235207791  -0.6535725176  0.1008370789  
-0.8645960677  0.224514358  1.044940744  -0.4439616999  0.8016502384  -0.1468377967  -0.5366613595  1.584606096  -1.012559558  
-1.181301172  1.420811584  0.1548692643  -0.1125737145  0.2528440762  0.9417490122  0.9753576988  0.8507252547  -1.510889209  
-1.014329979  0.0003155564954  -0.07205241836  -0.5263001679  0.4426007256  -0.181522816  0.6474596711  -0.6198267635  0.8761397547  
-0.749252095  -1.948044945  -0.905599241  0.002559876963  0.9077985365  -0.06656936551  0.8288119747  -0.8197295077  0.4876965818  
-0.4786774796  -0.834666317  -0.07750995981  -0.2217509414  0.06897618134  0.8379547616  -0.5347713607  0.6996016434  -0.3731779249  
-1.112210892  -0.1206040566  0.6256559655  -0.7962616733  1.323704476  0.1436469586  0.6763623111  1.164883595  0.7159207219  
-1.038685593  0.03824838245  0.6459133293  -1.022929083  -0.4197839127  -1.036760811  0.1083959161  0.7976352445  2.955487829  
-1.305169291  1.471381665  0.9379322002  -0.365657099  0.7537192801  0.09786268062  -0.4492076389  -0.8202095647  -0.8812279808  
-0.8182975618  -1.955288165  -1.21191702  -0.2242569772  -0.02410714421  0.6789380026  0.04789482738  0.2080828924  0.3840385757  
-0.8961788679  0.65931913  0.9106324582  -0.7414847199  0.3638931217  -0.4493107635  0.03126832265  0.3833465946  1.92311712  
-0.08587848351  -1.276633483  -0.1553598471  -0.1028030312  0.2149060137  1.25359375  -0.521450692  0.643739679  0.167829005  
-0.8029868837  -1.87939616  -0.7837535019  -0.3982276999  0.958268952  1.006167725  0.6226891053  0.1726325522  1.173942512  
-1.042743496  -0.2863597891  0.2981223901  -0.07021398725  -0.2317055063  0.5397495464  -0.08366829464  0.8533366246  -0.3639736115  
-1.092439948  0.01563272104  0.2876245079  -0.02252842777  0.1454813848  1.14406712  0.6855069051  0.5844985875  -1.129730109  
-0.6676786599  -0.09415698706  0.242224815  0.02634628698  0.03976009427  0.9967615762  0.5908797688  0.1190122457  1.554382545  
-1.008758052  -0.8765719747  0.07509153409  -0.7364433389  -0.05956009421  0.6055747618  0.5933257953  0.5064774859  0.6653303324  
-0.9405553757  -1.476463427  -1.346008248  -0.08522324736  -0.5532835595  0.2900860109  1.491805977  -1.330077084  1.32888815  
0.1305487634  -0.6052006696  0.2547604766  1.181951418  2.45173075  0.611304021  0.9672175268  -0.4025337954  0.9394735936  
-1.104018286  -1.70125257  -0.589909451  -0.762740107  0.2449448498  -0.3543797799  0.1245392011  1.136216575  0.6283442872  
-0.9136339855  -1.007758177  -0.8267368244  -0.4072827963  0.1477754975  0.6307751259  0.4298607334  -1.310648593  0.3219839869  
-1.04418998  -1.403882946  -0.5982988287  -0.1091312113  -0.1512079642  0.7688179809  0.6488557485  0.06212050672  -0.5630025423  
-0.9876865592  -0.5774202338  -0.1028915091  -0.5825954465  0.2854554799  -0.1225920919  -0.111036574  -0.07506377363  0.2266636929  
-0.7857840557  -1.128471828  -0.6277326237  -0.2358739771  0.4028249568  1.371275405  1.416611317  0.7655163243  -0.1014973885  
-0.8869685008  -0.1858281516  0.3939041774  -0.6000184643  -0.2314703848  1.0812472  -0.005682617792  1.224976214  1.242401599  
-1.253172923  0.09427804489  0.888820767  -0.4448027396  0.04116084152  -1.032935364  -0.02567930157  1.418151254  1.33952763  
-0.8115992307  0.3395850434  1.054101168  -0.612424319  0.04105800314  0.652176709  0.6001562392  1.3113363  0.5280724788  
-1.227961908  -0.06410836575  0.5829784962  -0.2542785072  -0.4098288339  0.7246479456  0.7383109229  0.2857710654  -0.05235939836  
-1.335527617  0.1908788757  0.7034277734  -1.00429581  0.3329164253  -0.08687868882  0.5031728411  1.362571337  1.023360432  
-0.6791463416  -0.4750014525  0.1348186058  0.9478884956  -0.2421040413  0.5679887925  -0.1459547055  0.50541759  -0.2104048777  
-0.8670509437  -0.4230175209  -0.08988803306  -0.1570530306  0.9457232123  -0.144631143  -1.001083695  -0.2650096692  -0.230737638  
-1.203678542  -0.2051558501  0.2445542686  -0.4507799803  -0.176726969  0.6559761022  0.06437724865  0.5732198881  -0.8109779846  
-0.7414136706  -1.272160547  0.03789783905  -0.1136364356  -0.1154657505  -0.3880485607  -0.06100866679  1.567345445  0.02120772777  
-0.8915997506  -0.9946630492  0.1490322093  -0.1846711382  0.6816608115  -0.1157408777  -0.0667383544  1.860677629  -0.7825023622  
-1.163177617  0.2158770458  0.7990749772  -0.4701268756  0.3016669337  1.212558217  0.3678271044  1.040594892  -1.249367778  
-0.651488191  -1.726904503  -0.6395644518  -0.173322803  -0.03897692738  0.7767923234  -0.02977968849  0.5356759292  0.09677769565  
-1.238233609  -0.8218360991  -0.05789973657  -0.767862596  -0.4664231082  0.6234288742  0.5946628191  0.322996239  -0.2725496462  
-0.977529784  -1.643646306  -0.8275905426  -0.7003446836  -0.02615735741  0.7958679102  0.6599258754  0.6807687215  0.3205820142  
-0.7089026351  -0.777280159  -0.8380785839  -0.3219221022  1.087501779  0.01744021512  -0.5054636627  -1.015848276  -1.170395152  
-0.9364477889  -0.9956152974  0.01078660129  -0.6404041014  0.8960705283  -0.101399063  -0.07066109689  0.1601323317  -0.5126532822  
-0.5591615958  -0.982634643  -0.3068114966  -0.3459513034  -0.2018449499  0.5946389335  0.2484270903  -0.09857847789  -0.005529980465  
-0.692237249  2.95569458  2.462477098  -1.060272188  1.218930777  -0.1884146152  -1.061459705  -0.2786226235  1.691806839  
-1.203982296  0.6936053794  0.823256624  -0.3400777181  0.4531419037  -0.7017992619  -0.4726080811  0.7111746584  -0.007459611941  
-1.162019139  -0.3327305271  0.2494802173  -0.4335718121  0.6973212107  0.07457155577  0.4801756404  1.423593375  -0.7628994155  
-0.9440018276  0.01545548121  -0.1492712234  0.06613547359  0.5617584222  0.1788492442  0.3196088164  -1.268143219  -1.15237059  
-0.7145232738  -1.418569423  -0.6660647396  -0.07223774007  0.2243507384  0.9124869401  -0.4817525626  0.305072243  -0.2702404796  
-0.9676909529  -0.8028188359  -0.2278360737  -0.4736114439  0.3856167784  -0.6042190127  0.5940126  -0.4606924526  0.9163560392  
-1.060336734  0.7113012376  0.8932940363  -1.013853437  0.2545373846  0.8076950848  -0.3539748413  0.9071060718  0.7470710565  
-1.079059516  1.055929285  0.8895617231  -0.4283538463  -0.3063826181  0.4618297625  -0.5898005207  -0.1270989903  0.9009896971  
-1.040571203  0.005498389013  0.6126892608  -0.4278722775  0.4413116832  -0.5191097812  -0.05525271015  1.313593738  -0.1953754668  
-0.5093378263  -0.7980921376  -0.7280127906  -0.6406427543  1.310345967  0.6871119552  1.095187198  -3.060139729  0.6318427043  
-0.6680542545  -0.02666029483  0.2740515247  -0.2931926283  0.9526220628  0.01731187471  -0.8752555607  0.3254528417  -0.6715085709  
-0.9171794767  -0.5846991976  -0.3166921794  -0.6821472352  1.117226052  0.3745804501  0.3057281663  0.4262702651  0.6596332513  
-1.164776588  -0.1723789157  -0.1426821912  -0.08094703679  0.4889055485  -0.2554224136  -0.3831904966  -0.5166394505  -1.253128078  
0.1186439268  -0.8544449076  -0.3976871308  0.8893649838  0.9834995967  1.688709499  2.247065071  -1.214625777  0.2540069571  
-1.251255475  0.7056925534  1.256173375  -0.4250566251  0.4039550782  -0.5535224818  -0.2541351771  0.793406064  -0.5819231228  
-1.231487781  0.8210144714  0.4374932816  -0.8609850437  0.2686243173  -0.04637715454  -0.7713528433  0.6286820036  0.6505401538  
-0.8920115405  0.09398175487  0.2959323768  -0.540366508  0.9280555701  0.2023910318  -0.6756740255  -0.2091674352  0.03842262882  
-0.9370222292  -0.07757023789  0.1150123041  -0.2081027864  -0.1711710825  0.5603756346  -0.1965163212  1.426989742  0.5503860271  
-0.1480678448  0.2338087239  -0.08943026629  -0.3456298853  1.657907364  0.4414166329  0.07462225429  -2.198572087  0.4916852427  
0.3442715015  -0.9982038502  0.3113832486  0.3842685339  0.3694545414  0.459748491  0.6504664859  1.211612354  -1.0198319  
-1.196766209  1.039695082  0.2882983624  -0.1379625548  -0.1936118253  0.8335268751  -1.257491796  -0.9875418378  -1.383555608  
-0.4262696522  -1.059367314  0.0003470951464  0.6927826265  0.7632780158  0.4089462412  0.8716191723  0.061411911  0.157099725  
-1.002710026  -0.3217920809  0.5917080197  -0.4966981213  -0.02679770722  0.8112928492  -0.8402651001  1.387734262  0.8537883628  
-1.212884531  -0.6378384443  -0.4277296231  -0.05432785981  0.8527317532  -0.1973405572  0.0209874536  -0.09306576453  -0.07345386961  
-1.097923357  0.447673038  0.670281279  -0.3056352232  1.058290376  -0.3334193317  -0.3430542689  -0.1580252921  0.03634531253  
-1.117046584  -0.106915497  0.6280887087  -0.659539308  0.5289514954  -0.4137380752  -0.09204754823  0.2333783879  1.070389359  
-1.151183494  0.8331818158  0.4740090923  0.02639766449  0.6890630974  -0.3793991745  0.7466181649  -0.231895069  -0.9856418407  
-1.09158482  0.8224352216  0.9792564559  -0.3977558198  -0.5656799421  1.064079089  -0.2074768071  0.9947781992  -1.093084948  
-1.032520603  -1.215987823  -0.2113096164  -0.9932100677  -0.06931456468  1.005533838  0.4816054759  1.093828049  2.127851537  
-0.8760220598  -0.4917084059  0.4391913637  -0.2935805603  0.8937475911  0.09031635514  0.9314610065  0.7671794204  -0.02381523121  
-0.9806262013  -0.4279339068  0.3678825643  -0.8339270318  -0.4315104583  0.200613778  -0.5131709278  1.508169984  1.06706522  
-1.110844322  0.2859495951  0.5164673659  -0.8154216713  0.5713054556  -0.4991131573  -0.4918669555  -0.3535145578  -0.0173178247  
0.4111963383  0.05617385949  1.367619465  1.025853787  0.1229775488  1.160481141  2.592900956  0.5963185489  1.672425141  
-1.223704781  0.929546922  0.6864840984  -0.56303189  -0.2945790932  0.3575255288  -0.07878199216  -1.070512835  -0.4915046674  
-1.11268895  -0.03356800944  0.4876077932  -0.07042973164  -0.8499252924  0.1970046217  0.7837686302  0.453437812  0.1930442637  
1.627499589  -0.7902270816  0.5127891103  0.7985913603  2.435051733  2.380909856  0.5492727813  -0.1118232871  1.053559868  
-1.167971709  0.8283798717  0.9802739734  -1.153664526  -0.2056642174  -0.5858315248  -0.3234211743  -0.9650657905  3.153472971  
-1.147351837  -0.1830662593  0.01018745435  -0.5236189367  0.3768760791  -0.4080985213  0.1149130104  0.6082313443  -0.3357660982  
-0.02373672234  -1.186993243  -0.1403372101  0.1970497184  1.247070932  0.7431342115  0.1884393964  -0.04130298565  0.03669450753  
-0.819311014  -1.237817481  -0.1533445301  -0.1490022922  0.4587975567  -0.1177656803  0.3167472053  0.9836052829  -0.2063383044  
-0.6169430066  -1.040394788  -0.2144351182  0.279307039  0.5302333829  -0.01728888676  -1.073484763  0.5509235912  -0.2843419794  
-0.9713427036  -1.644848867  -0.5594195339  -0.4041167925  0.5030303449  0.1582056347  -0.01512186694  0.5587381061  0.4861444739  
1.143648669  -1.444482088  0.6471588355  -0.09901581348  1.690532019  0.9725250565  0.4287626711  1.477914915  0.4669985948  
-0.5536110927  -1.59437111  -0.326289289  0.1832693162  0.782262898  0.1893392701  0.9822538805  1.310237698  1.346882178  
-0.930678802  -0.9154897269  -0.1435631529  -0.675143473  0.5751488572  0.1295477559  -0.4902273876  0.8121833441  -0.3627673004  
-0.9312958262  -1.034620498  0.05669424629  -0.221171947  -0.05305433153  -0.689894156  0.2851914394  0.2626291154  0.8116692104  
0.4013499758  -1.285054471  0.1278502537  0.7192738931  0.2153827265  1.603801825  -0.1600377705  1.609488101  -0.1332671793  
1.120727064  -1.778847408  -0.3508419846  0.7743113446  1.953192246  2.04406307  1.726828446  0.5440117613  0.8638193544  
-1.264151989  0.2522188371  0.3143751998  -0.4477851748  0.4411135674  -0.2295312109  -0.9600332021  0.3723209088  -0.6037279408  
-0.8136205223  -1.0409613  0.03254806114  1.416673528  -0.8554610597  0.2424195313  0.9642956498  0.98944118  -0.2956073482  
-0.1729739842  -1.35663082  -0.3268241872  0.1743127709  0.8333927204  1.736347854  0.134379519  0.2847197222  -0.1914751726  
-0.9741578045  -1.338396914  -0.4710343211  0.08980048692  -0.02684117884  1.067292093  0.8516027472  1.059428241  -0.2482304635  
-0.9951906588  -0.9840104764  -0.2532429944  -0.5180636613  -0.4014204614  0.5004660029  0.01429493197  1.271668415  0.4006126708  
0.8570451633  -1.925834027  -0.4600544736  2.628973282  1.706078851  0.5608130135  2.532515596  0.3564007207  1.138265801  
-1.099478139  -0.5093232129  -0.1587986616  -0.5993481148  0.0114489264  0.8730937307  -0.3768636143  0.06032330285  -0.1686229602  
-0.9580668372  -1.418583781  -0.7125925779  0.0283350699  0.2015417445  0.6089114124  -0.5104367948  -0.3598388516  0.2997045335  
-0.6914958545  -1.191228155  -0.4217293559  0.1174168221  0.6929520479  0.07821862917  -0.3352045508  0.02191114685  -0.7313327094  
-1.067844449  -0.4405016044  0.4674424544  -0.215252785  -0.5252463264  0.139337622  -0.4907068121  1.126655853  0.3023620119  
-0.8604703659  0.9599588764  0.2421685637  -0.3034728879  0.1366653999  0.8339993728  -0.8680734302  -2.052258392  0.4620429258  
-1.103038205  -0.7175508735  -0.2050443049  -0.1732456204  0.9099586683  -0.1575054811  0.6283830779  0.2879930016  -1.172025642  
0.7973822005  0.1213576925  0.9530996248  -0.1522240014  3.008168887  1.601270469  1.421553753  -0.8787563195  0.06072319085  
-1.061241244  0.07742910034  0.1592501723  -0.3955998384  0.07580973869  0.7893633828  -0.06372618623  -0.2841318985  -0.008856003497  
-0.9438623607  -0.6019409007  0.1610487244  0.0814284838  -0.6098934183  0.4431055841  0.08836676389  1.233262989  -0.7917203771  
-1.179273572  -0.0538768219  0.4317975067  -0.9010183277  1.241361124  -0.2692695165  0.6941964182  0.7575133206  0.6602967123  
-0.9371219882  -0.1602484393  -0.1177757744  -0.05738299519  0.2126947368  0.1693614592  -0.761437237  -1.592429689  0.2122359258  
-0.7983197471  -1.153037681  -0.8726357026  0.7163154701  0.193195203  -0.1803690663  -1.550009321  -0.2467707798  -1.852305384  
-0.78433293  0.9022072532  0.5622010223  0.4544887264  0.3335459856  1.315124887  -1.537839257  -1.400032128  -0.5685138138  
-0.7672739906  -2.029474716  -0.687637035  0.299177908  0.2299672472  1.114331169  0.2221041682  0.6513856949  -0.08391092541  
-0.8865904953  0.472154423  0.862938678  0.163502185  0.5446149944  -0.6811478592  -0.2228004921  1.546023163  -0.2445263195  
-0.1983381989  -1.216646308  -0.5299507886  0.748330733  0.7447155036  0.9905778691  0.9831801848  0.1957762978  -1.190955864  
-0.6336381701  -1.13018495  -0.4484924603  -0.05867961166  0.9363637115  -0.09732032471  -0.9327557101  1.088352387  -0.936751182  
-0.8129690959  -0.4502220771  0.2936735679  0.06537039619  0.5865290972  0.0006844595257  -0.318008322  0.6534568951  0.07222779608  
-0.812500808  -1.248609104  -0.09875567985  -0.3879760056  -0.242890787  0.5093354486  -0.08177247913  0.5567330052  0.4996319489  
-0.7997703642  -0.2634436359  -0.4588822746  0.2024787127  0.9280843883  0.2554146588  -1.112190997  -0.834706578  -0.6358506036  
-0.2878384097  -0.5895917448  -0.485309211  -0.2043015597  0.4750983731  1.932687777  -0.1296396946  -1.205005714  -0.3102263032  
-0.5356158213  0.1472720873  0.06281098117  0.2169829298  0.332279128  1.314252549  -0.9115491117  -0.7089198369  -1.995376106  
0.1202922091  -1.58162208  -0.2501019969  2.868915751  0.6133667506  -0.3070615993  2.483936877  -0.3223833847  2.803416901  
-0.6503865006  -0.9422188436  -0.4348953008  -0.06359834505  0.8248513417  0.006696751008  0.1688407904  -1.595721801  0.1670660961  
0.1068786505  -1.15335989  -0.30119842  0.3513376151  0.5515334654  1.529371973  1.256198852  0.3595920621  -1.055491015  
-0.5666835142  -0.0987728927  0.4324687706  0.9226795755  0.4937608262  1.194194818  -0.1430356036  -1.093116184  -0.4455787382  
-0.5144244876  -1.757740827  -0.587789129  0.3161823094  0.5978828332  1.297410851  0.3437138997  0.2932292086  -0.7829756652  
-1.307997856  0.71502822  1.333468023  -0.2226645945  -0.3164839616  0.476531047  -0.4138490055  0.8074542901  0.3153317008  
-0.5943475203  -1.623158311  -0.3527786328  0.5065219953  -0.09873777072  -0.6429682388  0.9922074877  -0.3393616562  1.105323932  
0.6502585807  -1.013013069  -0.2382241556  0.3952073031  1.226661511  2.241845103  1.349491605  0.2017662389  -0.1472085145  
0.4280925594  -0.6376208269  -0.05507946892  -0.2834959944  0.78730303  1.558173659  -0.4331660435  0.3319633519  0.7782295988  
-0.5873720683  -0.3571830423  0.6186640505  0.230069763  -0.6304459153  0.1412995343  -0.5875816113  0.5535217671  -0.4467319092  
-0.5469014421  0.6736080573  0.9089710272  0.07027579185  -0.1709432134  0.931924505  -0.8390828918  -0.7699607178  -0.6019325426  
-0.6543788846  -1.904945986  -0.5857744917  0.1490486362  0.32581741  -0.1101074665  -0.03460203999  0.7809231067  0.2530121836  
-1.077820371  -0.3459823245  0.1959214434  -0.3188612523  -0.03974592943  -0.3617679142  1.116460165  0.6283704702  0.5005349181  
-0.8199664604  -0.8413413403  -0.2776386215  -0.2778687161  0.7444394528  -0.1392919976  -0.3575664574  0.3884445278  -0.05709116804  
-0.8145109041  -0.5856152699  -0.03614167391  -0.1340457169  0.2196285944  -0.005521343482  -0.3833306037  0.000304807252  0.2202131892  
-0.9344002668  -1.409674858  -0.4103613434  -0.4677487441  0.8434425091  0.2432270266  0.1248843518  0.5331994367  -0.06236025201  
-1.231124866  -0.0931652883  0.4757323884  -0.2652700333  0.003850050068  -0.3784506292  -0.4321431347  0.02087372252  1.276577105  
-0.9898735934  1.208806934  0.6911791048  -0.7197729045  0.3693583296  0.5459197842  0.5439439369  -0.7088795748  -1.176410364  
-1.24954591  0.2293840691  0.329633249  -0.2004757197  0.009194159067  1.095087419  -0.9589358284  0.1101155622  -0.3801363845  
-0.9763204072  -1.51429039  -0.7795459482  -0.4868475185  -0.3073067607  0.8946101382  0.1760962455  -0.2200831815  -0.04621544215  
-1.17988858  -0.1024259371  -0.3927804804  -0.09526415259  -0.2921307058  0.989081427  -0.3517723826  -0.969314605  -0.8687463452  
-0.8178678297  -0.4939850176  -0.07502673028  -0.4157065736  1.008039257  0.04336170177  0.003833959456  -1.062090381  -1.041567966  
-1.284702358  1.024108065  1.205605617  -0.328653812  0.856993562  -0.2667808284  0.230649192  0.4978993813  -1.446573532  
-0.9913876911  -0.08494833459  -0.1980108007  -0.4702159012  0.0178876853  1.099146093  0.2597946956  0.5447003225  0.07732704667  
-0.8016798438  -1.714027871  -0.4895434103  0.301936465  -0.3002832746  0.4085622861  -0.04129775747  1.140334268  0.08927572052  
-1.066653639  -0.9432947533  -0.1248145688  -0.3702170536  -0.001845048629  0.6654145753  -0.274117605  0.135867133  0.7799436458  
-1.330514601  0.5132343757  0.7265787919  -0.07447399861  0.05333889978  -0.7850885492  0.03334006302  0.5940292235  -0.3450055335  
-0.4434002066  -0.07574869051  0.5017526216  0.2748749354  0.8632623439  0.943728048  0.9802706079  0.1601888129  0.3392611601  
-0.2677533107  -1.481030129  -0.005087319033  -0.4650587704  -0.7559493863  0.3532439347  1.068365896  -0.4079658297  3.066391127  
0.1760668377  0.2027007817  0.7393296692  -0.9374132466  -1.316432475  -1.830743347  -1.50935685  1.787243493  2.063980579  
1.103448556  0.3218926239  0.1666300447  0.4571398883  0.3804902749  -1.437174955  0.28541083  -0.7875452323  -1.864556233  
-0.03578481148  1.582888239  0.2068357483  -0.387078706  -1.607540379  -0.003505837665  -1.534187063  -1.365776793  0.2267766896  
2.518304913  0.2343164085  0.3467032614  0.7282822865  0.2027480809  2.657218028  -1.470955582  0.5109759835  -0.2722891342  
0.4204402796  0.4519071189  -0.1837292658  -0.4546104548  -0.3277955512  -1.567493388  -1.616506202  -0.1662533214  -0.8957874066  
-0.1501202412  0.954602281  0.9098169584  -0.09636263201  -0.7174641252  -1.839627455  -1.065582579  1.676591661  -1.102594699  
1.874890913  -0.4788330969  -0.6347333181  2.031124396  0.4154863223  1.348976331  1.29657987  -0.3750099076  -1.066246862  
0.1446409768  0.9369490347  0.8372666149  -0.2033319572  -1.32844294  -0.1535219754  -1.624597087  0.5330424735  -0.1661113356  
0.153057375  1.062481409  0.5662790193  -0.3104406432  -0.5315710749  -1.989801025  -1.362979081  0.03805894576  0.201734219  
0.1756567464  0.4576664023  0.8500124464  -0.9549420839  -0.4591839743  -0.6799912892  -0.07772571743  0.2915283205  0.2859278736  
0.5255080665  1.289715865  0.9376335048  -0.8606145667  -0.3979432701  -1.894604244  -0.5512021163  1.318137151  -0.5269875187  
-0.07971650002  -0.8378515737  0.4685248347  -0.2829955995  -0.3639464489  -1.470137721  -1.05644907  -0.01333964147  2.074916419  
0.8174941517  -1.481664588  -0.7316578925  0.08391755557  -0.8586653727  0.5416147132  -0.1398548722  -0.1211291472  -0.9330065242  
0.2211544749  0.7274334403  -0.04195715768  -0.33581883  -1.413370854  0.1394515889  -1.466709816  -0.05410648644  0.2502694917  
0.772154516  0.2764820587  0.538575865  0.6553420733  -0.4528431432  0.774404477  -0.2259703279  0.1719599492  -0.7888578289  
-0.3122954644  0.9426734478  1.169606821  -1.121449705  -0.6094180681  -2.035100309  -1.00453185  0.246809507  1.755937901  
0.4022633823  -0.9258513633  -1.056869285  -0.3393156906  -0.9662779263  -0.1937639325  0.01281048588  -0.3924853624  -0.6281321383  
0.1779099276  -0.04455967649  -0.07207618597  -0.9812207499  -0.297114202  -1.640423061  0.4606933328  -0.709634357  0.6246094399  
0.9180206985  0.1947020667  0.4827808227  -1.785603018  0.1160311795  0.779916563  -2.656081847  2.160373237  -1.842836904  
0.553783973  -0.6449719474  0.3073815178  0.1869359374  0.06212712541  -0.8374984886  1.58197956  1.308333744  -0.4526825779  
0.1665701726  -0.4792436909  -0.3590551217  -0.7045795223  -0.787382619  0.2530073859  -0.3378428109  0.6447544974  0.1478657933  
0.09506196162  0.3962184608  0.1490497341  -0.7692182468  -0.3605157513  -1.175486466  -0.907696442  -0.9643805007  0.1313427068  
0.01777763152  -0.2643024326  0.1335609003  -0.5118694425  -0.6824161029  -0.4761539347  -0.2857743288  0.7187143205  -0.5990837659  
3.256892217  -0.1905750816  0.9778738619  1.892416072  2.447744744  0.8527095095  0.5809415986  0.8455722782  0.341010622  
0.312073072  -1.020630781  -0.8412022346  -0.2261071956  -0.03936399269  -0.5698636267  -0.3183951414  -0.7234937455  0.1219580906  
-0.09043283784  1.350029974  0.5175214379  -0.48245159  -1.625370093  -0.348534165  -1.200341223  0.2396703152  1.220419093  
-0.08777046361  -0.08461566483  -0.0941646376  -1.096516832  -0.719255656  -1.029390503  -0.1847604195  -0.7675293956  0.480695798  
1.028162126  -1.08212228  -0.115307978  0.5475972613  -0.115690036  -0.6524450026  0.696740305  0.7348982146  -0.4165782976  
0.4764408305  0.4943147849  0.3396829643  -0.01931373413  -1.144837184  0.3006021771  -2.139132665  0.6631846192  -1.375282644  
0.5676452179  -0.4454302938  0.1540109227  -0.3413918577  -0.2776451435  -1.63835783  -0.2160481565  -0.1580535982  0.8433923941  
-0.06711766117  0.3632076055  0.7727142703  -0.6707927548  -1.668121903  -0.261584634  -0.4586433733  0.9010812758  0.05115734451  
0.1314199885  -0.6376016298  -0.06525557058  -0.6078463696  -0.6144946842  -1.412792822  -0.7591998805  1.091606763  -0.07663245012  
0.4139435458  0.611343997  -0.1818795734  -1.33541601  -0.3325718608  -1.712917202  -1.732457528  0.07475741053  2.027613006  
-0.05460769131  -0.4043911441  -0.7618610576  -0.6658108143  -0.5272922719  -1.393532885  -1.112921615  -0.4380426562  0.5163244394  
1.700464202  -0.6706158114  -0.1086598322  3.162124206  -0.2409374863  1.882242279  0.9197715944  0.3809437518  -0.993598706  
2.583200102  0.01670818295  -4.090894224  1.718127177  2.430356371  0.4960543658  2.00024043  0.005091656163  -1.445537634  
2.291554835  -1.085185785  -1.044090908  1.734709059  0.1174148552  1.445685189  0.9182062287  -1.073761306  -1.367955564  
0.8635485642  -0.0727132286  -0.187694667  0.03956479473  0.1282209967  -0.2969645768  -1.171875128  -0.8769770163  -0.57196342  
0.06175739944  -0.468196611  -0.0092096013  -0.4358854791  -0.4801742538  -1.799948926  -0.7544231716  1.270645479  -0.7927801349  
0.5138909928  1.934822693  -3.405288673  -0.7907995754  -0.5230453999  1.103151058  0.8088181419  1.414281589  -0.8502201352  
0.137933436  0.009460735354  -0.6357338217  -0.2889153561  -1.115624283  -0.4656470165  -0.8877741867  -0.128612815  -0.6709141304  
-0.09163675253  -0.1624117541  0.3386450613  -0.6190934058  -0.4935779279  -1.403543207  -0.06440704656  0.7371092858  -0.02768920253  
-0.1194651906  0.5873899667  -0.1701018166  -1.439086609  -0.5920971252  -2.183143602  0.2986642482  -0.6019315688  1.314209738  
0.6391781755  -2.130932106  -1.684685113  0.5118664915  -0.5498698124  -1.3144236  1.119480718  -0.05207657549  -0.2565668894  
-0.07764063352  0.1146099616  0.1432811733  -0.1990153433  -1.138380931  0.2720747596  -0.9456937008  0.3409144759  -0.8121690384  
-0.1839475448  -1.057391882  -0.1790415588  -0.5734572589  -0.3663655455  -1.260144122  0.2549368449  -0.02918295399  -0.1157044022  
0.1092097589  0.1536187187  0.3249972808  -0.7660329422  -0.6658182914  -1.129359704  -0.7623297799  1.152370259  -1.189035334  
2.426230778  -1.343562221  0.2016870242  1.102243792  0.561389988  1.588690311  0.7653348708  0.5232905759  0.6409093997  
1.584813407  -0.1286364749  0.4758374676  0.5956899793  0.8224912176  -0.226835525  1.085022252  -0.2930823001  -0.8433462558  
1.131193474  -1.1384526  0.1164859411  -0.2344667662  -0.4161453042  1.393473512  1.679437151  1.157310464  1.083760254  
0.1516558765  -0.245023054  0.2148042601  -0.2756898822  -1.835974492  -0.1703229148  -1.046704602  0.6298498751  1.258341585  
0.4343135111  -0.3946834942  0.1473813826  -0.8459229003  -0.2412284038  -1.376302889  -0.6128077636  1.213810355  -0.6912459288  
0.4060898823  -1.697651517  -1.00875861  -0.7003689448  -0.1241185247  -0.9968940242  0.05777012987  0.1030201096  0.08636480954  
-0.1332122374  -0.8910459511  0.1865342487  -1.03544027  -0.8554616524  -1.801314779  -0.2101223773  1.543221533  2.246025843  
0.1001683189  -0.1418688301  0.5646953878  -0.5712074823  -0.6140820476  -1.181666683  0.1534095712  1.140549605  0.8493439139  
0.7750655833  2.345217405  0.8105731123  0.3441981351  0.6353564057  -1.964449979  -1.932400184  1.32473773  -3.670496366  
0.05443181383  -0.2348819639  0.3707170624  -0.6666379343  -1.843643463  -0.4472454407  -0.3812077053  1.866582148  0.06905676464  
0.08629072021  0.7855885618  0.4889879042  -0.2722521708  0.1020306252  -1.578908507  -0.1381234707  -1.135475065  -1.629821095  
2.489553809  -1.198558647  -0.3134223308  1.614409782  0.6271557797  0.7030372581  -2.097517492  1.261190581  1.221771821  
0.3558833711  -0.5774923968  -0.05616824873  -0.7420617731  -0.9739844972  -0.2058212629  -0.6937326598  0.3173785163  -0.6165066532  
-0.3720856855  1.595012405  -1.857877157  -0.1544045558  -1.906712594  -1.083745216  -1.664012615  -1.278720617  2.423972507  
-0.07598372403  0.4476140696  0.5791230726  -0.6155259036  -1.093711015  -0.6695141688  0.1580477933  0.3548909391  -1.026727365  
0.1734936245  0.2783226834  -0.3203741816  -0.5959109358  -0.6916836688  -0.8691965026  -0.715904722  0.1771834792  -0.747233854  
0.2501768225  0.5154635609  0.8864457087  -0.6093258512  -0.6814709632  -1.856707812  -0.4140623663  0.4149482239  -1.085616385  
0.4680019316  -1.002481133  -3.592571078  -0.1710789877  -0.3811743268  -0.4738717841  -0.04640117721  0.04099664953  -0.5051139676  
-0.1742676626  -0.4752722866  0.2975948951  -1.163986154  -1.463858705  -0.4825622076  0.4347553949  1.124504875  1.608347519  
-0.07000416622  -0.8904515044  -0.09748014667  1.512422835  -1.666257748  -0.3722779024  1.019138789  0.4374620691  -0.3014224611  
0.1932368777  0.6879474293  0.6869260223  -0.6677841961  -0.3113270283  -1.144017839  -1.320229433  0.9685662234  0.05963435229  
-0.06126614109  -0.4703131337  0.1264123076  -1.141393719  -0.8077115761  -1.670702572  0.03035041969  0.9864163201  0.7454568591  
2.82237171  0.0002759709641  -0.08873918596  1.952897759  2.080386291  1.483388498  -0.5252909679  -1.538548567  -2.440532179  
0.2509526166  -0.5260269793  -0.420965019  -0.7707670032  -1.207240343  -0.2613549223  -0.9754432374  -0.4720023315  0.3832245543  
2.155966743  0.1540854276  0.2996647327  0.6779901923  -0.8877191877  1.562694668  -0.8375679483  -0.6052941921  -0.06324541335  
0.05797078739  1.554270898  0.7378569547  -0.9873689617  -1.163201087  -0.07722710326  -0.1643479368  0.4442537454  -0.9912556235  
0.09472099244  -0.2873376188  -1.488029023  -0.3871987176  -1.277292592  -0.2628272197  0.8140213269  -0.7343049488  0.158492454  
0.3932150417  -0.5537262259  0.1550931365  -0.9225740878  -0.7116704871  -1.015715335  -1.09281569  1.409309254  -0.6538507589  
0.86943817  0.1456391293  0.5947384831  -0.9645921801  -0.590786427  1.072633321  0.1827110694  0.7292880268  0.5989827456  
-0.2808210027  1.466302545  1.561865555  -0.8840656966  -1.348913095  -0.1006937778  -0.666554686  1.565566147  -0.8773080145  
0.6955005642  0.3984077146  0.9443697648  -0.6938969992  -0.2842772769  -0.5604174681  0.3328006338  -0.3217393779  -0.4632382725  
-0.04630181675  0.6677664225  1.15460941  -0.4137121238  -1.646355296  -0.2959320919  0.384868185  0.2538253571  -1.060737825  
0.5572410223  -0.39472887  -0.156995133  -0.3336995501  -0.2568491198  -0.8957526465  -0.4371009106  -0.5676386598  -1.36934612  
-0.04412211562  -0.6299756244  -0.266416257  -0.5774504956  -1.367678153  0.03383097427  -0.05791807012  -0.7619568949  -2.00356943  
0.08099542293  0.3542844088  0.3483211455  -0.9131668511  -1.992357889  0.2661545141  -0.5939178055  1.467940693  0.1509882806  
-0.09183196632  0.8660607327  0.530336851  -0.7658237987  -0.5870293001  -2.172101229  -0.02490897524  1.500378714  -0.4160312247  
0.2416400137  -0.7726174335  -0.7170171648  -0.8133161557  -0.8962068076  -1.034350275  -1.783342227  0.5644728258  -0.7010083895  
0.2027748987  -0.1270718651  -0.1519475691  -0.7724077778  -1.990314143  0.1600188976  -1.297031963  1.454251713  -0.9931765783  
-0.1938287695  1.189060544  1.153891351  -0.811754038  -1.539028777  -0.7727442998  0.3363021673  0.5086041666  0.6806854662  
0.1296829556  0.3043161555  0.6055018996  -0.5403031636  -1.051195629  -1.043108183  -0.006903698264  -0.8090405269  0.7535217181  
-0.128423019  0.1307181363  0.1063842163  -0.7353296358  -1.134081112  -1.561718712  -0.08871934328  -0.4008733664  -0.02430164405  
0.2474939152  0.4469642654  0.2210936131  -0.9153760917  -1.422853555  -0.6861814526  -0.670079247  -1.177652883  0.7002269137  
0.1034800316  2.089075894  1.412818643  -1.089510539  -1.419617095  -0.4148647357  0.05166283585  0.2708336486  -0.6705462122  
-0.06131573569  0.8926187558  0.7384448184  -0.8226012051  -0.5616141132  -1.532420777  0.4873763737  0.05307988785  -0.1696256976  
0.756581673  1.00355708  0.9899794792  -0.5892192296  -0.3342667492  -1.580608969  -1.396234652  1.989234014  -1.769056203  
0.6661198651  2.007218511  1.024616721  -1.319515749  -1.280564503  -0.7887342348  -1.244507668  1.698245039  -1.05548812  
0.2911146777  0.6353221456  1.067653624  -0.9148426808  -0.4227277624  -0.4991057511  -0.3122867108  1.334168142  -0.6386620109  
0.07090645862  0.6618636782  0.619219833  -0.9262341943  -1.38440165  0.09881148263  0.3948092509  1.071698342  -1.270169477  
0.1404573145  -1.581139812  -0.9169867146  -0.428494827  -1.190097579  -0.8219305911  0.2199177753  -1.264704282  1.289126113  
0.175602421  -1.092034474  -0.3896839517  -0.8725787106  -1.015870314  -0.5530777858  0.09403619401  -0.6462664615  1.809384192  
0.01530919182  1.869073329  1.363493252  -0.3666000186  -0.7792358362  -1.868208939  -0.3730738011  -0.2722244045  -1.173263057  
0.7258545339  2.547467168  0.3405828165  -0.6062662286  -0.4868251991  -1.626869327  0.3862622362  -0.7318624363  -1.803054017  
-0.1548823622  0.6001806149  0.5529109918  0.6120979728  -2.256487413  -0.2660910517  0.7597543662  1.221245924  -0.07689821188  
-0.0665968172  0.6565294691  0.2495045279  -0.4115167411  -0.4768809948  -2.027321807  -0.2237707836  1.151051827  -0.4442447863  
-0.01373902643  -0.6524220546  0.3813815112  -1.057392445  -0.4614707071  -1.597580784  -0.6232376435  1.866785215  0.8223516628  
-0.261532097  -0.1144544617  -0.2734402409  -0.4275491654  -1.909754889  -0.531404111  -0.2289028049  0.5007386932  0.355107227  
-0.02382388075  -0.04386205469  0.6513091998  -0.05067716585  -1.566761403  -0.6965697965  -0.05868495635  1.901169318  -1.342645111  
-0.1095231512  0.7705194904  1.143901203  -0.4674345875  -1.588560678  -0.6876012345  -0.5160014427  1.887999074  -0.8915501532  
-0.2462859489  0.8682989894  0.2940006442  -0.6171878844  -1.440744664  -0.2829239994  -0.1791489782  -0.1218670224  -0.2621766333  
0.04236770457  0.7306834381  0.5033501684  -0.8608025139  -0.4473873152  -1.131219451  -0.2763580842  -0.3057913882  0.4076193562  
-0.1827965227  -0.002724988323  -0.003745990583  -0.8667811449  -1.235051514  -0.4290329867  0.4326506198  0.618439619  -0.8313537459  
-0.151459602  -1.008791102  -0.03517314024  -0.8556883696  -0.02794801692  -1.41095748  0.1380599669  0.7739966926  0.2885797423  
0.1597489447  0.1591651661  0.1636159874  -0.7336788004  -1.318841239  -0.1881461084  -0.5634467786  1.236747959  0.4156077283  
0.08002814471  -0.08408052489  -0.1000346409  -0.7146177795  -0.3911230136  -0.8896490857  0.1819229903  1.214141679  -1.022157603  
-0.1823526011  0.6970388407  0.8497604672  -0.8429291144  -1.435838387  -0.8288051094  0.1137604478  0.4312644834  0.8192687223  
0.006030367447  -0.3304137568  0.3908080746  -0.8614650796  -1.03647639  -1.163157136  -0.1613924386  0.0924626931  1.74366338  
0.1029012124  0.5135402175  0.5742336616  -0.5703489398  -0.1140745393  -1.375607575  -0.3170114638  1.678589745  2.231712003  
-0.03359220077  -0.1977050521  -0.04177170008  -0.425900163  -0.5600332765  -0.7122659284  -0.2282469388  0.9161004962  0.8965619965  
-0.1480858947  -0.1375019965  0.5119029008  -0.606316879  -1.080417531  -0.5985780008  0.04682831826  0.02807221586  -1.083179122  
-0.2066281298  -0.320993641  0.3621595547  -0.5948569845  -1.308766915  -0.5170570359  0.4471285614  0.8510803755  -1.237483622  
-0.08624975529  1.213316787  1.132776286  -0.8104890521  -0.4752305251  -1.251432796  -0.06781692541  2.378478909  -0.2123965222  
0.03793338427  0.2634522608  0.5387610705  -0.1975626233  -1.504911761  0.02097339224  -0.1998746893  1.221936204  -0.9582427461  
1.72611014  0.6442480849  -0.104191622  0.9126278329  0.3565449432  -0.689910267  1.055734331  -1.393026694  -1.04520457  
2.437896223  -1.428633445  -0.8269535518  4.355802376  0.09509991689  -0.8272603364  2.424927098  -0.9884246472  0.9630377404  
0.3617802767  -0.1278370767  0.1991409491  0.6155635589  -1.226984938  -1.528787049  -0.6418201522  0.5519648921  0.08448281407  
0.4882321604  0.7006552604  0.5279651132  -1.159570789  -0.5914549723  0.01656715932  -0.306400813  1.312308017  -0.8184342534  
0.2356215842  -0.6401246227  -0.06148177432  -0.6534165745  -0.7343137993  -0.1238197024  0.1905218588  1.527867993  -0.202823179  
-0.004401079078  1.579780309  0.759816417  -0.9089536626  -1.111559708  -1.872077972  -1.681369462  -0.1661485193  1.460242926  
-0.002683573585  1.372639671  0.9213215927  -0.7705438747  -0.7776328105  -1.954810492  -1.626529749  -0.08286981575  0.4522179952  
0.1204573749  -0.672262623  -0.530035025  0.6252728824  -0.9117173467  0.3406605713  1.481228906  -0.7238430063  -0.7536371366  
0.2607657768  0.5556946196  0.3983909031  0.05968330015  -0.6828151465  -0.9281053859  0.8046601435  -0.9084058214  -0.6295005519  
-0.0442687117  0.9562532523  0.6167861485  -1.302094659  -0.3590586304  -1.421715621  -0.9423139744  0.1196882167  -0.8785285526  
0.2348292805  0.4480687969  -0.5785792225  -1.333022753  0.1634366089  -1.253567021  -0.3380476505  -0.7151953221  0.02744917849  
0.372541681  0.8476115865  -0.0763603988  -0.9988354472  -1.045519094  -1.802342118  -0.1744014295  -0.5570630277  0.4669367528  
0.5818556677  1.87470073  0.9350817104  -1.249074708  -0.7461965735  -1.543381538  -0.9975164803  -1.008740495  -0.0391239908  
1.639434678  -0.4397665647  0.4747702586  1.151762113  0.2674089015  -0.04363956238  0.9411158541  0.4470122078  -1.310786613  
0.08102473043  0.1406187942  0.1772828663  -0.3185105004  -1.191466858  -0.3795485381  1.255756178  0.7676357912  -1.340284257  
0.7891473453  0.2620036597  0.03530983352  -0.9147446418  -0.8765006846  0.3435791222  -0.708763332  1.01912475  -1.744236025  
0.6172090365  -1.007251095  -0.1391636567  0.309077401  -0.9204073809  -0.2147880371  -0.7892363291  1.100097324  -0.230927024  
0.8935036945  -0.08620473806  0.3104059934  -0.1553920936  -0.6844888676  -0.9928117083  0.4310781774  -0.4383262827  1.182835957  
0.1297908686  -0.5527874221  0.1874203713  -0.9885672709  -0.5378278097  -1.359109666  -0.2389586356  -0.05169773775  1.438387495  
2.51077471  -1.069266632  0.2137178947  1.806029048  1.08108623  0.640247661  2.485971553  -0.0531329104  -0.4575967897  
3.522235051  -0.8809880696  0.3339739137  1.556312826  2.301127318  1.815145271  1.473649488  0.3755081956  -0.4422410593  
1.686114497  -0.772869852  0.247826026  0.3852533495  0.6084886843  -0.3743226786  1.3918992  -1.229579567  -0.7754712145  
2.336419318  -0.2041877653  0.4591892281  1.028252822  -0.1592582641  1.244648568  1.61992735  -1.464021681  -0.8162321725  
-0.05219931185  -1.251803715  -1.69743509  -0.5368665853  -1.045280991  -1.003607626  -0.5640868946  -1.912766948  1.009210967  
0.2299258804  0.2267009095  0.267588161  -0.09436309773  -0.6126150449  -1.143171101  0.2056670452  -0.4549379784  -0.2723834751  
0.1807287168  1.396015371  0.6906528983  -0.7098996959  -0.3291842673  -1.445689584  -0.7678100636  -0.1353561999  -0.6252953527  
0.1099716355  0.1029373964  -0.068738944  -1.144750748  -0.1513299248  -0.9971785649  0.05414882276  0.3007383421  -0.51702132  
0.3778711911  0.01027384426  -0.8308986281  -1.151268482  -1.06092627  -0.5671614791  0.7913217077  -0.09443671646  -0.06919849222  
1.220767163  1.197511651  0.5316777606  -0.7739417195  -0.1883199768  0.4467907543  -0.2454924499  -0.7470294072  -1.658977437  
-0.01680034241  0.6556202873  -0.2631856482  -0.8039472769  -1.201567564  -0.4789204409  -0.7185373332  -0.5673262032  0.6242006774  
0.1768466567  0.07758381472  -0.3175948709  -1.52693465  -0.9728366043  -0.06273766724  0.6273705762  0.7495956527  0.2169616205  
-0.3824910919  0.5261160117  0.239297285  -1.027135606  -1.499375326  -0.1544766691  -0.6059404912  0.2120789389  0.6929396587  
0.200349871  0.7839027517  1.165642847  -0.9125939708  -0.8616271615  0.4088119849  -0.1413273036  0.7713183942  -0.4345325187  
0.05615320745  0.222431551  0.7462921461  -0.6685583656  -0.3431154799  -1.22948105  0.6646597332  0.8188325015  -0.7273229246  
-0.1103144875  0.9226588907  0.5849115825  -0.5612557402  -0.9366008473  -1.849989283  -0.836197034  0.1606298466  -0.6902190961  
0.02487774924  0.37754768  0.1948702313  -0.5481683621  -1.54752758  -0.3695964826  -1.140940322  0.5289686174  -0.672572668  
0.1991675421  0.3366267167  -0.04803354012  -0.7906199309  -0.4347111326  -1.352212466  -0.8199465788  0.4990296974  0.7634223326  
0.1409342287  0.7141904511  0.2255556697  -1.684181511  -0.5147803752  -1.148292629  -0.4677516296  0.8719521971  1.011492568  
0.309192266  0.2058083326  0.03344139387  -0.2982367906  -0.4027622782  -1.275950921  -1.455181739  1.159563715  -1.093486395  
0.5386558881  -0.4739730929  -0.3268758378  -0.4281013153  0.3228463606  -0.9778919407  -1.321367552  0.3939803097  -0.8794716088  
-0.1585257455  0.2132292145  0.755180499  -1.162784386  -0.7908589119  -0.7199015834  1.147293205  0.5996493215  -0.4017733966  
-0.1866252937  -0.2273206448  0.4162712641  -0.7874243576  -1.141713242  0.02805705186  1.338369415  1.118263402  -0.8144619418  
-0.106459467  -0.8276734775  -0.3823016717  -0.7825729925  -1.640946932  -0.7119719337  -0.3511956723  0.3618464522  1.137125452  
0.2315678108  -0.5904812819  0.09422270547  -0.3644692094  -0.573180962  -1.884243748  -0.3016437044  0.6381150899  0.658571541  
-0.1039832693  0.7261784159  0.9305677746  -0.9108059978  -1.65080453  -0.386226623  -0.3903962197  -0.6882026266  1.375654101  
-0.1430358233  0.6750928792  1.07733923  -0.7986573069  -1.363594516  -0.6847177295  -0.5829848679  0.7864417816  1.38405086  
0.5222815433  1.349699181  0.5606189823  -0.5983376228  -0.6940529028  -1.020715679  -1.789673795  0.2665444616  -0.4894422938  
0.4226565339  0.07636999586  -0.1310499444  -0.3865983055  -0.5858952857  -1.229530447  -1.436392812  -0.1657745272  -0.2780762021  
0.4671556526  -0.1339220448  -0.3757409447  -1.27877442  -0.08394340131  -1.276964728  -1.025511813  1.075486446  -0.9908056995  
-0.1028868963  0.8205873514  -0.3270477945  -1.199996578  -1.367331803  -0.3455420061  -1.392055233  0.2192747894  -1.622066443  
-0.09326351655  1.469499551  1.476149061  -1.764534853  -1.026335158  -0.02601919832  0.1048193771  0.9983449762  1.38196022  
1.165040564  0.09005326886  -0.2783994262  -0.9124317206  -1.100854857  -0.4646380593  1.077176032  -1.230173135  0.3550907028  
1.877825148  2.613952804  1.894566497  0.9290994458  -0.2222590358  -0.32732094  1.954208878  -0.4937232265  -3.044005627  
2.512048131  1.056060054  -1.953944279  3.000322204  1.595140426  -0.5871995995  0.1166724715  0.7071643218  -1.171348785  
0.1590768144  0.1874591695  0.3876928795  -0.588057353  -1.473014078  -0.6780269016  -0.8976022034  1.405199775  -0.6401552071  
0.6233196686  0.530135649  0.4071973387  -0.7188915241  -0.1430360548  -1.135844363  -0.7755982276  0.7155345329  -1.198617141  
0.2110966488  0.1566142711  0.2849219632  -0.7063153949  -1.101720521  -0.4626646014  -0.5385317072  1.034084721  0.4577031538  
0.01299741205  0.6340273519  0.6647557348  -0.6637642728  -1.446701915  -0.3319086326  -0.731493737  0.9506291642  0.6550345465  
-0.1928867131  1.043633252  0.236707258  -1.484951162  -0.4606255276  -0.9613845525  -0.1114566244  -0.2339337464  0.9043077603  
0.3136064182  -0.9418260688  -0.589575189  -0.310496699  -1.229092079  -0.3610489234  -0.3311241008  0.738240672  0.2171748371  
0.3447668207  -0.385631094  0.08742293685  -0.4715325397  -0.3245548501  -1.018460609  -0.9257875923  0.7699481073  -0.6557520501  
0.3367975689  -1.467799152  -0.312602175  -0.435869164  -0.4076304907  -1.328071309  -0.02038098166  1.494360487  -0.7498704902  
0.2959151306  -1.884459811  -0.9928753132  0.01367918124  -1.353333763  -0.7716201945  -0.8674806186  0.3151438844  -0.4448496917  
0.2711873388  1.77556109  0.6070648366  -0.3840113762  -1.723551254  -0.6582591779  -1.068758118  0.8334392504  0.2711144582  
0.3345660632  2.540529065  1.749100151  -0.503624215  0.1842814489  -2.03261548  -0.9101988845  1.772843276  -0.03379424434  
0.4269332622  0.2012022725  -0.3641285963  -0.5214344274  -0.2487579289  -0.8740609385  -0.600901188  -1.015262293  0.5283954345  
0.4461547703  -0.7494024418  -0.8943124083  -0.613245558  -1.373974449  -0.4831077357  -0.03098071349  -0.9781247358  0.8529583088  
0.5033133183  0.8785722327  0.8163586857  -0.8348178467  -0.263571551  -0.925800815  0.05748605869  0.20208524  0.05963689906  
0.3960556003  0.6032623099  0.3427627792  -0.6546908305  -0.8014159534  -0.1207603982  -0.425903347  -0.361588773  -0.04153119403  
0.001385936663  0.02090340709  0.01394178287  -0.5186899393  -0.4995880845  -1.039234567  -0.4915140397  -0.02210461371  0.5182016967  
0.2635979238  0.2611778517  -0.08478432281  -0.4105157046  -0.8134231296  -0.47750156  -1.518017471  -0.6313474187  -0.3429615492  
0.1490586804  0.4796974198  -0.1478542418  0.0517221559  -1.77020485  -1.013225049  -0.5186371646  0.9240715014  -1.142617485  
0.6143120112  2.009302373  0.3950331695  0.121980711  -0.7318022149  -0.7529070313  -1.889834581  1.420933118  -2.848500327  
0.1563681481  -0.5715918871  -0.6047183024  -0.6627570872  -0.9982093535  -0.03386071766  -0.4000455887  0.7269474873  0.4953119155  
0.2627482769  -0.9530994164  -0.604112141  -0.5318506355  -1.062971851  -0.3442745563  -0.429064587  -0.2683745609  1.315675699  
0.3490932016  -0.8983650396  0.1183317709  -0.7341980408  0.2424804319  -0.6534175832  -0.5361879111  1.952556969  -0.5293737888  
0.3203233535  -0.5709439132  0.05326243554  -0.5720747639  0.2104273999  -1.027947827  -0.7781731009  1.323763572  -0.6144532859  
0.4066890542  0.2904294678  0.4460603073  -0.6460203993  0.03743324712  -1.173226793  -0.7007565683  0.4129494943  -0.4773546542  
2.559775945  -0.3354338583  0.6744069435  1.209118449  0.6973527951  1.404243833  0.9444648322  0.08864112989  -0.965083927  
2.52143356  0.7085611854  1.860641309  0.1599679722  0.8157657662  1.619687483  1.350551905  1.120671031  0.770563801  
2.493251452  -0.0004872612452  0.8600431024  1.470866807  0.2831928613  1.808565283  1.255369487  0.9131322126  0.6232988438  
0.5030359623  1.467742807  0.8019865045  0.09322332182  -0.4899569408  -1.104487264  -0.1260853609  1.123045914  -0.7697791591  
0.4496658259  0.9170381853  0.5335329939  -0.5230163192  -0.9302773976  -0.6609581154  -0.865057994  0.7970403028  -0.8578306367  
1.040900111  -0.4128904976  0.07270990439  -0.799329042  -0.4844274162  0.2637775895  1.187410871  0.7439160625  -0.6104945416  
-0.05273679198  -0.2405233275  -0.05596411341  -0.8659073711  -1.129233894  -0.5712234638  0.4911920275  -0.5334713537  -0.3396369722  
0.4208476965  1.152857351  -0.1730921843  -1.258027708  -0.5278342347  0.354921584  -1.313525177  0.0312222337  -0.7591637638  
1.356324305  1.74622028  1.654426707  -1.131240971  0.8491802677  -0.0680873869  0.03495592472  0.05081394316  -1.045017281  
0.04326498297  1.359228851  1.068195431  -1.352764671  -1.291423233  -0.05139117192  -0.8127173435  -0.2300443891  -0.3967953004  
-0.00715868704  2.058825108  1.865793936  -1.005226174  -1.954078775  -0.5186512658  0.1602044897  1.778005098  0.1523379286  
-0.008774111322  2.850221445  2.597785205  -1.289987656  -0.9458911709  -1.45554008  -0.5586704516  1.415491165  0.02995904252  
0.426604888  -0.7761849931  -0.02060417169  -0.6223140496  -0.2668528159  -0.6732034621  0.3255545277  0.2459392671  -0.4170142978  
0.07229313788  -0.8664041547  0.01045998847  -0.7360641802  -0.2240194808  -0.5319931219  0.1880713906  0.5417101317  -0.4260264927  
0.1713574407  1.3485997  1.793214671  -0.2206108654  -0.7996087225  -1.607934309  0.4975413025  -0.8781245495  1.721732342  
0.2170215373  1.613952001  1.779177354  -0.4325004265  -1.830187623  -0.7145418878  -0.5297952485  -0.7723524303  1.06587201  
0.4630475068  0.2736673742  0.9159099821  -0.6029191291  -0.5380703863  -1.002236678  0.1644813316  0.644772038  -0.7168639684  
-0.1688977679  1.139464887  1.551658785  -1.1132809  -0.7413185944  -1.147940744  -0.3168320649  0.4651681095  0.3210984507  
2.199766451  1.107988948  0.7407523835  1.20576847  -0.1145893404  1.278539837  0.9100371847  -1.557250791  -1.827171205  
0.3470979157  0.5949587501  -0.8075252584  -1.427449773  -0.8543301002  0.2446402569  -1.359547995  -1.122147013  -0.4339375875  
0.3840809342  -0.9901034723  -3.090237763  -0.3912494644  -0.7922943952  -1.411176474  -0.09191296553  -1.281697201  1.492340893  
-0.2031587472  -0.5219859263  -0.1725060369  -0.7869585763  -0.5499869024  -0.9735670906  0.50333964  0.3729337521  -0.05981978841  
-0.1142971486  0.5137040392  0.05898256629  -0.5844415528  -0.5852173883  -1.480654013  -0.103223857  0.4357401466  -0.5110658533  
-0.3861485535  1.30165842  -0.1959878991  0.2011242275  -0.8823933473  0.01922052394  0.0266402657  -0.923414046  -0.8953446979  
-0.4382193427  2.956420927  1.386304427  -0.4536522706  -1.206677001  -0.3292465207  -0.07883614244  -0.952829987  -0.7857386383  
0.2223951752  -1.229261631  -0.3823413804  -0.3337768627  -0.6037137738  -0.7337348681  -0.9799862613  0.4997149497  -0.3607069476  
0.2529696022  -0.601916958  -0.4147386148  -0.08979300637  -0.8817637516  -0.05298579335  -1.220330988  -0.2640521125  -0.06453289763  
0.4382565694  0.2536727303  0.02022932634  -0.4854628651  -0.431449668  -1.186790117  -0.08193976313  0.849155659  -0.697724372  
0.183736695  1.160365069  1.099480705  -0.2430340654  0.2088337271  -1.70708613  -0.611367407  0.987278851  -0.4212312729  
0.8186327148  0.9219971864  0.7206642399  -0.02064125625  0.08659620204  -0.3244559746  0.3586298358  0.5407114206  -0.5563418201  
-0.3120518714  1.124981987  1.171401803  -1.546390182  -1.433940456  -0.2311359812  -0.19666974  0.3181208171  1.434913275  
1.783495708  -0.6180321038  -0.3570466595  0.4463795803  0.1493451881  0.345721491  -0.6095815292  0.945062321  1.196104053  
0.418275054  0.03617662011  -0.1142168618  -0.3126608759  -0.4147974071  -1.457846606  -1.502078736  -0.05561847472  1.097601694  
0.1090553536  0.3724634569  -0.1575295149  -1.247838238  -1.186264485  -0.4573080945  -1.138046995  -0.1855560814  -0.1948458702  
0.7695102687  0.594765352  0.5323115051  -0.2557018012  0.01233359882  -2.023242005  0.8295112888  0.9694888331  -0.8575173252  
0.2981717234  1.748237238  0.8273884052  -0.9702072269  -1.248012589  -0.5314866914  -0.6834508643  0.4385898983  -0.6886899598  
0.5077853487  2.749002428  1.680509719  -1.271798877  -0.1386658517  -1.852535139  -0.551391447  1.136094012  -0.2954866793  
0.5156834394  1.078637442  -0.4907468237  0.179607038  -1.460554472  -0.347313187  -1.820855905  -0.5558437128  -1.401045331  
0.4076838974  1.265817741  -0.544583461  -0.8195283884  -0.833267661  -1.047929196  -1.727346189  -1.242542717  0.9063591004  
0.0509499633  0.7967158691  0.4047878476  -0.2932825714  -1.12766773  -0.4207618628  0.7863565566  -0.2604553712  -1.082245869  
2.060344253  0.1919100877  0.6060977942  1.447976857  1.900140767  0.3611314507  3.343218535  -0.02491089529  -1.335427554  
1.380587623  0.4460339176  -1.031675769  0.4183249035  -0.3477044955  1.375903386  0.820548811  -0.9490991732  -1.124804834  
1.213684301  1.693747554  0.09153281379  -1.059466265  -0.006900071918  0.1364995228  -1.454462176  -1.317778697  -1.330815679  
2.163642029  -0.1911121111  0.6595326687  0.9966269585  1.806775557  -0.09158595829  0.9712363101  1.249202029  -0.3721959306  
1.079241234  -0.3445736315  0.07809977791  0.6830224917  0.9272032609  -0.2391427512  1.134992438  1.388454146  0.06431078476  
0.03328314442  0.6845345501  -0.435648021  -0.2555820086  -1.234084501  -0.578559338  -1.281801751  -0.7441105763  -0.5753154984  
-0.1064164627  0.4169020103  -0.8178364536  -0.2419903351  -1.256593989  -0.5614210288  -0.2034986605  -1.067463904  -0.8882663443  
-0.1708726198  0.218453228  -0.3042579624  0.04043972198  -0.4313061922  -1.959492444  0.387956628  -0.4622432376  -0.3691049355  
1.47656216  -0.8183095407  -0.6371433457  0.6637687384  -0.2669438923  0.9189354334  1.056574417  -1.420501229  -0.7880222515  
1.896940803  -0.1565914497  -2.556580783  3.022917096  -0.1288911252  0.7406426925  1.591084864  -0.3150750847  -0.5324037296  
0.04588533593  0.3116665396  -0.3782049022  -0.3066433945  -0.2929475663  -1.20835699  -1.91391022  -1.304741699  -0.8481654281  
0.1621844438  1.210787172  0.1980824636  -0.365577638  -0.182953951  -1.260798883  -1.278946701  -0.6662300297  -1.587375875  
0.04456473081  2.078922464  0.3306014181  -1.523136541  -1.287757273  -0.1349614477  0.6453357488  -1.128503393  -0.8493636588  
1.732292647  0.7424083746  0.9088688505  0.5712316601  1.020945139  0.3349160077  1.294121757  -1.517377763  -0.08059619572  
0.1428928482  -0.995222327  -2.817005616  -0.1673782545  -0.166024889  -1.30463251  0.8004447575  -0.7227117394  -0.2061308538  
0.353147986  1.818568173  0.3048950392  0.6776750616  -1.31059391  -0.9175230052  -0.2155605426  -0.4724982962  -1.580766793  
0.9537213344  3.890188174  0.6962893294  -1.165535531  -0.9360706831  0.2818583788  -0.6434175229  -1.603457721  0.02429494011  
0.3335836222  -0.8245909441  -2.294673637  0.3008384397  -1.411330492  -1.09445344  0.7004986529  -1.514470587  0.366005116  
0.7622172061  -0.2149744432  -1.490271934  0.5134468594  -0.8258539711  0.4652765386  2.231748874  -0.8749620795  -0.09732313233  
1.710309201  -0.08475104898  0.2173354261  0.3488316958  0.6281533301  0.1840200547  0.1354058788  -1.142843209  0.03393887225  
-0.02209278767  -1.10623775  -1.307768856  -0.1675146814  -0.2261845938  -1.052995603  -0.9124174236  -0.2835583993  -0.2521738579  
0.1338750469  -0.2586031117  -1.591164235  -0.4817071475  -0.6395227521  0.1766055999  -1.206156905  -0.5439415593  -0.2036650974  
0.537787193  -0.5264736136  0.5552614619  0.2771168407  -1.131125275  -0.9564828338  -0.96966781  1.660435647  0.7350408541  
0.1040758305  -0.8585875184  -0.0481382375  -0.6918429846  -1.26310948  -0.5771438631  -0.258189932  0.5641097044  0.6755746673  
-0.1117452244  0.2318594045  0.02480961935  -0.9746227541  -0.4076477616  -0.9887543302  -0.9054979055  1.082958426  0.4580102812  
-0.2299815949  0.3048938819  0.1378845197  -1.143873959  -0.8060722046  -0.3979360849  -0.9086010317  0.6369417427  0.1832913361  
-0.163158961  0.6039276582  -0.04582755971  -0.3052862519  -0.4202997797  -2.066094176  -0.4939125656  0.7830531426  -1.875653035  
-0.1252900135  0.4040496619  0.3535075782  -0.3993289798  -1.477460567  -0.7139052741  -1.512087441  0.6901266102  -1.224674794  
0.2590253648  -0.7495628245  -0.6360597184  -1.365905992  -0.1038537653  -0.2419755136  -0.1055838208  0.7438277147  1.148275602  
0.07031143726  0.07420900033  0.3963417646  -0.2838461353  -1.060159752  0.02320613118  -0.397774698  1.461092363  0.09939042702  
0.1731901541  0.3313260963  0.3691150839  -0.7335443769  -1.010419295  0.08676646535  -0.262112722  1.318325079  -0.7920647805  
0.3455659285  1.139582369  -0.1980646671  -1.110196312  -1.080709013  -0.4748918289  -0.05438192241  -0.7356486662  -0.04023869654  
3.37415233  -0.0954017827  -1.180632805  1.77197033  3.147610107  1.935330976  2.314650932  -1.74431327  0.4052347784  
2.06815014  -0.3971583848  -1.510156181  1.841452663  1.557133734  0.09082710798  1.104969906  -0.8403863095  -0.3157588107  
1.201590562  1.831655427  -4.49487559  -1.008926496  1.014353253  -0.1492909748  -1.077809067  0.09729886281  -0.5721463033  
1.081393084  1.871564668  -0.02345631659  -1.176860498  -1.536661166  0.6630407079  -1.260092486  -1.138133051  -1.280925238  
-0.3566539951  0.5338484722  -0.4792231885  -1.125016268  0.03367944574  -1.401542492  0.4175862285  -1.101694727  0.9035569874  
-0.1704622358  2.573122113  0.07302512361  -0.6079567287  -1.405165359  -0.6327288987  -0.2324891857  -1.574414609  0.525939823  
1.021198668  -0.2205867745  -0.9558094321  1.469678642  -0.8076806965  -0.224625589  0.01019219978  -0.9121878144  -0.2522488459  
1.849322124  -0.002049010741  -4.230311604  1.021467352  1.118873438  1.382167381  3.107923793  -0.3241175184  -0.8485069508  
-0.02739085259  1.815575026  -0.2761521194  1.08366725  -1.105834874  -1.667975275  -0.2184288617  -1.215938557  -0.1426827621  
0.5101573285  -1.09396215  -2.14282248  -0.2855557746  -0.143430762  -0.3761795073  -0.3357603293  -1.422932052  -1.849367019  
1.731462023  1.90139724  0.2460468627  1.391343965  -0.3139600311  1.209633464  0.2761054766  -1.633871473  1.215047234  
1.077573579  2.851656754  0.5953301612  0.6740701421  -0.4354397009  0.0206378705  -2.347842696  -0.1449938244  -1.603375492  
0.1325391847  -0.1034013227  -3.166392314  -0.2430680629  -0.1624752529  -0.3113899407  1.592981819  -0.6795714639  0.008426591069  
1.550415292  -0.9592949541  -1.323535033  2.374923547  -0.5034731896  -1.028775664  3.301151682  -1.50012688  -0.9983199124  
3.150797118  0.3420929868  -0.6082347204  3.167148057  0.919230756  1.826521124  1.487860365  0.1164941479  -2.482125552  
0.233803901  0.8531224857  -3.83787169  -0.4488531686  -0.7749824844  0.0381855727  -0.2771729046  -0.5608115813  -0.5028492654  
-0.04138208905  1.288419186  -0.2514783883  -0.4696114159  -0.8600731843  -0.1101515021  -0.4078801448  -0.1025184091  -0.01206480216  
2.341117859  -0.9523599646  -1.06598754  1.929538449  -0.3311982401  0.5453741768  1.000666707  -0.4690911892  -0.110485744  
-0.04461468059  0.5411218159  0.1616672714  -1.162597342  -0.6620624265  -1.388333723  0.1316213984  -1.127428158  0.7411098974  
0.01997273455  0.6225806403  -3.248674269  -0.07991180323  -0.8247293627  0.1048481635  0.2748520314  -0.6515406353  1.555598576  
-0.106244453  -0.5750025979  -1.325357024  -0.880680844  -1.710371343  -0.6483465052  -0.3648123  -0.996492684  2.81240977  
3.864635582  0.1923649163  -0.9877345385  2.087202733  3.460728749  1.371291446  2.036299949  -1.986591192  -2.816231384  
0.07915075552  0.1158805151  -1.920002835  0.1671756107  -1.216199779  -1.251131726  -0.1601477939  -2.259464273  -1.486438943  
0.500895496  0.3560776836  -0.7926610259  2.452633774  -0.5921458127  -2.05871845  1.068325241  -0.8638819019  0.1014928158  
-0.004170605871  1.88212048  -0.645198436  -1.649587492  -0.1596360221  0.428912344  0.05402429797  -1.124754376  -1.263916354  
0.6558851746  0.4262121911  -0.6744744989  -0.6322434596  -0.161831021  -0.9126527847  -1.791665087  -1.236143758  -0.5839776267  
3.704352388  -0.00249874947  -0.7081487137  0.6938690607  2.41392994  2.042312716  1.156274814  -2.005275161  -0.476863558  
2.103197512  2.271572287  -0.3055966669  2.600942193  -1.05096936  1.41390973  0.09851207391  -1.307039524  -0.6232520052  
0.2324076434  -0.4357726306  -1.185088248  -1.085260403  -1.245990639  -0.5031730318  -0.7525295369  -1.151620664  -1.123894714  
0.4034115147  0.753912682  -1.602782044  -0.4217743982  -1.846254072  -0.1886431059  -0.08305791539  -1.161981613  -1.021765623  
1.242307574  -1.157105023  -1.387083168  -0.3005465348  0.1133877837  -0.3620810253  -0.665850226  -1.348151953  0.5489563623  
0.2495501437  2.116598448  0.2062422756  -1.001414003  -1.522872196  -0.363228829  -0.8347957796  -0.4304456873  0.2207390671  
1.638290368  -0.6403081291  -1.623097876  1.392471026  -0.04788273298  -1.102959258  2.579497309  -1.162617347  -0.5810309892  
2.075471826  -0.2501066285  -0.6451635056  1.152871072  0.1571297973  2.141224483  1.03303235  -1.568339101  -0.5593805582  
0.6296842893  1.157303665  -1.073175649  -1.555311494  -0.3490033756  -0.9812866391  -0.3267221431  -1.88789424  -1.692360204  
1.076725131  0.226681474  -1.303461817  0.2623239854  0.2403410196  -0.1364056286  -0.02623229334  -1.223615789  -0.6805516506  
1.187783404  -0.303888025  -1.192807443  -0.04341450793  -0.8079925382  0.2733262035  0.1806689243  -1.057125696  1.371799647  
4.328200757  0.6554441187  -3.297446783  2.364529735  2.289557691  2.700940125  2.864535655  -0.8195807189  -0.8887092252  
0.2195540256  -1.091023016  -1.098762733  -0.07046750635  -0.4813655823  -1.535314345  1.23807879  -0.4651082792  -1.259043145  
1.459614533  0.4390604064  -0.9925086109  -0.9127255975  -0.3304592303  0.2021528041  0.2680440021  -1.363138604  -0.3853781854  
0.1404496556  -0.03689111067  -0.7676737259  -0.3814114724  -1.64467335  -0.1729805538  -1.590766467  -0.1020194234  -0.9851342123  
-0.4240747967  0.5732558752  -2.726517954  -0.2787248103  -0.2246024479  -0.9860955962  -0.6873279179  -0.596510838  -1.352025635  
0.1478545842  0.2801733898  -2.861537003  0.02283133825  -1.083249412  -0.769147933  0.4015349147  -0.7863505391  1.12836117  
2.174866334  -0.1054133891  -0.2726427661  1.194159492  0.9650887193  1.177411609  0.5705068618  -1.570331203  0.09070561341  
-0.171227997  0.6246162139  0.09585737291  -1.461352817  -0.4250816614  -0.06021569108  0.9448465189  -0.2088807092  0.6509020187  
0.01521991198  0.4702557456  -0.07078540437  -1.462593316  0.5162844421  -0.6469111746  -1.399096419  -1.61108307  1.486373859  
3.218641319  -0.06381563255  -0.1894404374  2.000196184  1.83509749  1.395417769  0.1779769826  -1.050492036  0.02120919706  
3.51505048  0.1714200634  0.5515319645  1.407286281  2.520882005  0.5636869505  1.379588727  -1.779463869  0.3487713957  
0.04953503115  0.8802225039  -2.426704903  -0.6574234282  0.2013352943  -0.7935515101  -1.022983344  -0.3791896207  -0.7994922082  
-0.1765651817  0.3790827616  -0.6306089069  -0.4879694205  -0.938271476  -1.206383892  -1.44043222  -0.8553041103  -0.550673727  
0.05243517913  -0.5634652525  -3.505281508  0.01976575655  -1.533898346  -0.3143701332  2.25029671  -1.194515943  0.6541033608  
1.181572851  -1.101188942  -4.037439451  -1.192934984  -0.223082922  -1.856532717  1.397585049  -1.946108701  2.620843227  
0.1953390649  0.8340656248  -0.5744531687  0.03073508324  -0.451469783  -0.6133378928  0.3305163029  -1.265684185  -0.5100428388  
-0.2345971768  0.2613688722  -0.436276649  -1.222675114  0.1565305326  -0.8654819743  0.08105640713  -0.6116735848  0.424745399  
0.4823456641  1.241056792  0.2847758752  -1.253264002  -0.1302600337  -0.9642045456  -1.775121558  -0.8558599918  0.7644904063  
2.650184292  2.220195933  1.09411391  0.6716341342  1.875543192  -0.1099167566  -1.072079997  -0.9409135467  0.2222540718  
2.094817463  -1.940024492  -1.29213144  1.00419771  -0.1624242338  1.180473527  -1.542446355  -1.386078013  0.1335670283  
1.941851688  0.9824319314  1.675419946  0.7438742314  0.5227598231  -0.05363909087  0.9657179522  0.2611780187  -1.74384924  
0.4521944787  -0.2961202769  0.35419713  -0.2631016987  -0.3694165615  -1.617707996  -1.303923302  0.6279053896  -0.3818553831  
0.3313130189  0.02302436022  0.3865621974  -0.580566897  -1.001082962  -0.5530874719  -1.108874755  1.769158641  -0.255529318  
0.3427087549  1.153660487  -0.179309471  0.3989820515  -0.3304235598  -1.436428224  0.5480540939  -0.3795582326  -1.338851548  
0.4451849819  -0.983205711  -1.54388277  -1.023548791  -0.7693178361  0.2497582257  0.3393830493  -1.685879859  -0.9053334864  
-0.06721086051  0.9419219916  1.099916371  -0.5040784455  -0.9616912587  -0.1604297352  -0.09820024732  1.05405485  -0.7847185998  
-0.6217347874  0.7515157365  0.9337562048  -0.6042311032  0.6397444758  0.2930653791  0.9406203601  0.5927461907  0.3792542682  
-0.722634317  0.3036584224  0.2850001464  -0.5129786792  0.519453167  0.2890318271  0.1053130307  -1.664431306  -0.2591652754  
-0.4453527643  0.418975454  0.5937270088  -0.3803463138  0.3540952532  0.5559870082  -0.3732210173  0.3342677352  0.120434187  
-0.8149786626  -0.7820756936  -0.371402192  -0.566766286  0.1749399576  1.025963231  0.4192039844  0.1865182771  -0.6703887803  
-1.232561103  1.254756986  -0.6461660388  -0.1600732551  0.1422158361  -0.3354449459  0.265308438  -0.340667371  -0.008021630453  
-0.7829625157  1.305181894  0.9362014737  -0.9832275479  0.3614888619  0.1295234777  0.1352567336  0.02459997  -0.8897410955  
-0.005698678728  -1.575828943  -0.5064399807  1.202504101  0.6929982994  1.061354478  1.450063641  -0.03334836231  0.7486035357  
-0.5664105698  -0.9681011288  -0.06103953099  -0.4507839003  0.2324195573  0.00832019844  0.2553784162  1.213526929  0.7039809664  
0.7820366285  -0.8445053533  0.1938872534  1.111760201  1.681385589  1.601734164  2.205766715  0.1678210169  1.524833402  
1.397539829  -2.342493298  -0.8125644674  1.985990326  0.9701260105  1.597547855  2.147091585  -0.7417173681  2.928151511  
-0.76559062  0.2117316506  0.6991967909  -0.3652558645  0.8909052828  0.2889570849  0.4446044576  -0.04052757137  -0.2224603753  
1.900642118  -0.9427598445  -0.1243775546  0.5969656705  2.055834271  3.034379152  2.672277297  -1.377549655  -0.4155971485  
1.746301794  -1.408886236  -0.5385680461  3.082292859  2.832295391  1.9853978  2.673042321  -1.638044326  1.040899556  
-1.148893225  0.2116828025  0.09459756359  -0.5437219028  -0.6739140859  0.01343940981  0.2203591898  -1.170132884  0.5113447138  
-0.6306656402  0.7338047701  0.5474922255  -0.7245985509  0.2277428198  0.4428263765  -0.6708003985  -1.044596199  0.4635952972  
-0.4354207247  -0.2348353405  0.3272892637  -0.6309351281  0.1375628754  -0.3672179759  -1.051602848  0.9725476528  0.3648879412  
-0.8729229907  0.5739342793  -0.06399904455  0.4311265804  -0.2927666157  -0.1378261327  -0.6836418814  -0.9300699666  0.08907001074  
-0.6900474786  0.1208571329  -0.5266995809  -0.356595531  0.4697962519  0.1509132932  -0.2396254166  -1.980549101  -0.5142392066  
0.2658799772  -0.4462190779  -0.8974120387  0.8455834263  2.133243419  1.621006106  1.553464197  -1.336197084  1.061266087  
-0.6425155716  0.9889565292  -2.092183023  -1.507823122  0.7341395829  0.1170104787  1.802064154  -2.232806998  0.838764395  
-0.490982675  -0.6617322463  0.008956472988  -0.1895130906  -0.05937378473  -0.103306215  -0.3509155977  0.6650321396  0.8543216771  
-0.41674161  0.5247764387  -0.5701609532  0.007495006508  -0.5532802031  0.2668281624  -1.178948167  -1.543855047  0.913649968  
2.951226142  -0.4352278599  -1.480370467  5.25362874  2.991836042  2.717575849  2.60912754  -2.457925424  -0.3726912239  
-1.114889245  1.619257667  0.8740544262  -0.5100525095  -0.3396355833  -0.2011489818  -0.8386497092  -0.6863894214  0.8329474746  
3.032923285  -0.2664202707  -0.118210713  3.757982181  3.349291491  2.787219811  2.106632785  -1.657338588  -0.2844717888  
2.127447458  -0.8404911795  -1.956172711  3.021833526  1.163897282  2.98831117  3.098209203  -0.7712957919  1.030986435  
-0.7587847394  0.5559855166  0.1046373217  -0.4343477746  -0.007842610859  -0.1082733314  2.826667554e-05  1.160924575  0.3491038156  
-0.1350618847  0.5803192042  0.5925284198  -0.1990647796  1.181770895  -0.3679983576  -0.1016976504  -0.6190887902  -0.3922035288  
-0.672183685  0.5821323368  0.08858112487  0.4077564844  -1.198343671  0.1599352599  -1.611900925  0.8378170619  -0.4307649266  
-0.4271086489  0.64543206  0.326952651  -0.2231622843  0.156845029  -0.6902363516  -0.6951248257  -1.136634261  0.5087270568  
-0.4397132104  -0.2001973928  0.1141567787  0.06605427529  -0.01336690054  -0.9116006883  -0.9118719486  0.2723766494  -0.3818105759  
-0.6518273867  0.5772694939  0.4853936955  -0.1618401776  -0.1932225692  -0.5040405553  -0.3803455013  0.5871459597  -0.2336524504  
-0.4490813691  0.6760604804  1.091145447  0.6459114647  0.6647618921  1.03421195  0.6117907131  1.005396956  -0.8674777543  
-1.059522836  1.794184409  1.289866516  0.5894321642  -0.7924108195  -0.2929697251  -1.184883347  0.39846316  0.3309714116  
-0.8379256611  1.354454694  1.336056694  -0.09268127977  -1.206710225  -0.5667464995  -1.236700017  -0.6926276297  0.1666153333  
-0.7383458918  1.138028562  0.3211489784  -0.9632097535  0.04023065055  0.3369675693  -0.1165525824  -1.31475018  -0.1204329778  
-0.6791657478  1.210295704  -0.1203919549  -0.06968591689  -0.07182042619  0.2697756957  0.4375056668  -1.477218317  0.7748967287  
-0.4741315257  -1.308325338  -0.7558604629  0.4377680613  -0.3221406081  -0.4567628742  -0.4529767125  -0.9664492266  0.4434819163  
-0.01981363917  -0.1769223224  -0.217809082  1.146758141  0.5336978217  0.1048731759  0.8584137804  -2.205464178  0.5911733979  
-0.2528463551  0.01660856229  -0.2848242534  0.6979828811  0.4964804504  -0.7359260697  -1.02851965  -0.9014880413  1.458908491  
-0.4658587  -0.06145386513  -0.3809510813  -0.2066217835  0.5593391501  0.307225351  -0.6033643728  -0.8141719378  0.09856703199  
4.209738078  2.351944577  -0.3532365354  5.18096797  7.943908416  1.792877835  -0.06858288644  0.5073342301  0.7050549306  
-0.8216404732  1.80768251  1.504355514  0.1148810347  -0.2751108294  -0.2489243296  -1.565832936  0.6532618019  -0.2111301363  
-0.4241370069  1.4981487  -0.1375047503  -0.5626701675  0.5791576774  0.472109918  -0.2360777785  -1.219737032  1.103766402  
0.9229570831  -1.697797724  -1.603476129  2.891175347  0.5216712009  0.6837725464  3.430029659  -1.801077387  0.7112032156  
0.4693363557  0.2306232111  0.5086226707  0.5376589355  1.300593528  0.3552735588  2.006635333  -1.313433405  -0.830971237  
-0.7434637929  0.1154435155  -2.576900313  -0.6838093298  0.798916396  1.32008561  1.995795315  -1.643482059  1.556780956  
2.006700224  0.2304155968  -4.783186611  2.856820639  0.8413773091  3.065734435  3.418171971  -1.268865578  0.2968044705  
1.238811784  -1.617554053  -0.7736253635  1.564961446  2.318317124  2.833902704  1.403757508  -0.1357738783  0.6154362003  
1.032717925  0.04617726361  0.3633189021  1.405569605  2.172626115  2.93473381  2.268968705  -0.5170329639  1.083315663  
1.543167026  -0.01091098719  -0.8437584798  1.234095321  0.8454147328  2.871872471  1.035625911  -1.53377836  0.3710131835  
-0.2191542133  0.1980029181  0.6469411902  -0.4783963981  0.4446990722  0.998457104  0.1185378236  -0.2227915299  0.6475458514  
-0.8517392708  1.292383236  0.5879174616  0.217261236  -0.2469652157  -1.151519056  0.03175485035  -1.849250593  0.4806277306  
-0.9320098198  1.082624222  0.4574124362  0.2803786295  -1.213056729  0.1149712465  0.8977578318  -0.4498684931  0.1522587497  
1.672443603  -3.754272751  -2.541404917  2.582618404  1.646189393  2.127655081  3.547633327  -2.37534624  1.599814321  
0.5060470299  -1.306618846  -6.122966273  -0.1113527246  -0.07891329073  1.626000057  1.578836747  -0.432665604  0.07452890309  
1.418432934  -0.4991033719  0.3961061446  0.02670338384  1.959593508  1.741712605  2.58084363  -1.071635575  1.922026654  
-0.7422779623  0.8444420195  0.6429787355  -0.582938766  -0.2294551178  -0.1575422988  0.04574469796  0.09565533556  0.6835407665  
1.360401727  -0.195649536  0.9029344068  1.451154237  2.743604678  2.420120402  2.108606542  0.2583434695  -0.9603781411  
2.36257529  -1.780957687  -0.3959145018  3.626462042  2.424882055  2.912369438  -0.2686172521  -1.68255775  0.2512913204  
-0.3695162288  -1.000548427  -0.4826494099  -0.2634646016  0.02313521784  0.05501400071  -0.2626712481  -1.129181079  1.149229032  
-0.824424006  0.5638266112  1.249345316  0.22220091  -0.5850939825  -0.7520288559  -0.552833764  1.022126729  0.2792295345  
0.2311014318  -0.7840477505  0.1885176265  0.3032227021  0.2433043629  0.9860848337  -0.4256767923  0.3126445608  -0.1436892507  
0.6813882886  1.144995291  0.5721134638  0.3880165593  0.6497899555  1.333387102  1.819693981  -2.924400853  -0.5374553457  
1.719991275  -0.9687097411  0.5875458502  3.439482951  1.621412745  2.522727343  0.7657801787  -0.1591921472  1.193801339  
1.656529328  -1.061847002  -2.012541192  2.629797481  3.191382199  1.631268394  4.014211581  -2.180278271  0.6705835735  
-0.9303004114  2.464798356  2.145386229  0.00128270249  0.3233140356  0.2653424897  0.09589826111  1.299995036  -0.411425611  
-0.8990479982  1.505870449  -0.1160175388  -0.5857358006  0.02881929426  -0.6000551255  -0.6181247286  -1.194846632  2.07362831  
3.367181876  0.8067946484  1.385745017  3.11884048  4.079213875  3.517572374  2.047888226  -0.8653175467  0.3503595533  
1.467051845  0.6679425493  0.871996142  0.9542091997  2.348767557  1.89434249  1.061121416  -1.087766596  -1.374726636  
0.9376805435  0.5583853592  0.3871335336  0.8934506741  1.32094067  1.212222098  0.8140038599  -2.025012923  -0.4858034227  
1.494632954  -0.5103811439  0.6528309111  2.419437631  2.303999185  1.544500214  2.012535066  0.452808192  0.6584261571  
0.2456792561  -0.9060480838  -2.811311126  0.3062087422  1.149006637  0.9183654757  1.077527182  -2.537473804  -0.1657173883  
1.584482468  -0.4574300457  -0.01559728825  1.554001548  1.170888564  0.4432161747  0.8396419172  -0.8636143001  -0.858919434  
0.6977987327  1.109473106  1.199739065  0.5891347087  1.743800028  -0.7461167813  -1.002258538  -1.992415664  0.291211129  
-0.5831689608  0.4900075505  0.8855962359  0.3218830908  -0.3382334377  -0.8218452743  -2.299640711  1.209319291  -0.9468332022  
-0.7936877297  0.6062980627  1.43305835  0.1605470257  -0.3487429787  -0.4203697604  -0.7560430862  -0.2065602339  0.727131029  
-0.9556433287  1.060025514  0.8812714432  -0.03303258387  -0.6793742262  -0.1537303539  -1.560125517  -1.113311592  -0.1285996001  
0.0006910419729  0.6015065465  1.069736051  2.170129562  0.7562224737  0.2971264028  1.250598545  -1.524665379  0.3704831348  
-0.09014405229  0.6472168927  -4.306847479  0.2434876403  0.1585512692  -0.2020063795  -0.5077329412  -0.3439921068  -0.5147138353  
-0.4249691538  1.698368017  1.72528197  1.038907221  0.02914800435  0.2480479397  0.193919691  0.5915891651  -0.2759482996  
1.123374816  1.597770768  0.4110129328  4.441707411  1.688044973  1.021840974  -1.531903311  -3.046980074  -0.4144928535  
0.6046436267  0.1878898788  0.8652262459  1.012979128  2.279435808  2.140228682  -0.0213102887  -0.2342471112  -1.360284562  
-0.5375147241  -0.1440094413  0.408242024  -0.194709643  -0.4796541797  -1.062395962  -1.317767929  0.7015487662  -0.6215884054  
-0.501668238  0.2224503159  -0.1811208711  0.5103622073  0.02617795842  0.03479412239  -1.195688724  -1.765165546  0.5634508663  
-1.20746238  2.047253024  1.33326342  0.2832471668  -0.9485470354  0.03230116436  -0.6443515965  0.4202339103  -1.331856148  
1.61929766  0.5081469196  -0.09949263454  2.986080474  2.448647768  3.010818279  0.3998847571  -2.151396187  -1.921836538  
1.412448072  0.117746007  1.156765292  1.40702935  2.361338777  0.7007161285  0.3992589155  1.836897418  1.513905862  
0.6884251929  -1.77071526  -0.6295789879  3.326263337  1.820830487  0.6750282946  1.985039779  -0.5206891161  0.3992802023  
-0.8248839981  1.044877546  0.07223034774  -0.3720947479  -0.05516073301  -0.1016707163  -1.155183451  -1.732634096  -0.5000417573  
-1.093311711  -0.4414646528  -0.8002362046  0.6354855327  -1.31704474  -1.168076  -0.6569106576  -2.487961574  1.212187574  
1.827029284  0.03822250155  0.6143296341  0.8109757283  1.343154556  2.355925689  -0.2559248554  -1.362438271  -0.1998054569  
-0.8414344744  1.303776688  0.502645529  0.530251642  0.3593671938  -0.5504350028  -0.7606116142  -1.086600005  -0.7005947229  
1.122597183  -0.3197249867  -0.8211396372  0.4955084471  0.1505606758  0.8897484116  -0.87730357  -1.788284248  -0.6981499453  
-1.050465341  1.602333213  -0.4211219945  -0.7871240045  0.2281882913  -1.323341497  -0.4127648014  -1.153473995  1.242351843  
-1.070618411  0.1694317738  0.2007857193  -0.2828760067  -0.3162320896  -1.129835115  -0.3072333852  -0.3889486582  0.9930845795  
0.1880883271  -0.4398573195  -2.205229713  1.495275798  1.223419521  1.319349407  1.060514137  -1.123970557  -0.04928431754  
1.320679886  1.653174839  1.138052035  0.4780851309  1.509819409  2.34400607  -0.01711731044  -0.005850656429  -1.32961664  
-0.5785482388  0.6122739281  0.927072692  0.04722458827  -0.6164760758  -0.6276888898  -0.5412991699  1.06111485  -0.9718622113  
1.970835585  -1.88143873  -1.162756914  3.681028931  2.568340862  2.417504917  2.574409136  -1.895981366  0.05312603772  
1.30680942  -0.7885027212  -0.2556601129  0.9357775723  1.221950906  0.3422906422  -0.1648658096  -0.785347757  0.2750651175  
-0.8820244804  0.3813900847  0.1193458058  -0.343660689  0.02975683714  0.3938784855  -0.6923927833  -0.08255567996  -1.081483996  
-0.81139825  1.177639711  0.5840939003  -1.2072265  0.214470205  -0.3574645844  -0.576288154  0.09692645321  -0.6168815796  
