98.00460693  2.813859228  17.61589197  97.2555593  94.36112732  929.5837482  4192.624809  5976.58225  1996.15846  
8.367914607  3.030705321  17.25981982  157.4228766  49.28437824  726.2782616  192.0401807  240.0741129  1290.869682  
15.88134538  1.482167469  0.4983921382  41.6258115  98.7439064  29.62109223  668.3436745  38.0515494  146.6832779  
4.873971658  11.37787396  30.64546835  10.88354258  4.267856049  6.269200965  337.7729029  141.8242701  133.1570012  
29.60510355  2.124496143  10.85177226  35.58072338  4.752591967  84.13330404  138.493101  48.9766679  231.1070634  
12.94257623  1.441866601  12.26626233  42.10634848  39.31572455  40.6740611  234.3462439  207.5388169  279.1389633  
23.59138477  18.86046046  2.148797693  13.54335459  24.65280239  42.80302814  13.43137142  39.39182366  301.607262  
5.916806358  6.584532131  47.87192339  8.235411933  52.37799313  64.75754472  10.82578721  242.4826703  74.30186798  
18.59898045  5.112668329  21.10105914  10.17051986  21.09558726  27.67036182  32.82138116  15.08275734  424.1883342  
15.45927906  0.7195561556  0.8642346292  9.732388952  18.89624152  44.98841531  29.34642757  74.63947438  56.9747345  
3.638149732  27.00141511  1.865540765  2.355048325  22.32527019  3.276153541  75.8951662  57.17512965  63.81349899  
19.42104593  5.742524364  1.085731562  19.87967553  2.646675633  87.57699343  10.99383319  21.01972188  245.4400791  
2.639262349  14.03348562  17.75427895  35.66154651  17.28830395  15.21242586  70.49182528  14.34807383  0.7758981736  
15.54286196  0.7610883453  3.869176871  24.79626819  21.64033837  99.49258138  7.974106223  150.9932258  217.0059908  
10.60496018  8.744221686  6.719949273  6.356885929  14.14603133  49.11969998  3.502643787  113.7074524  208.1273415  
9.476966598  8.725990708  3.935858206  23.98373188  11.28509599  69.84223464  10.13788112  15.51523967  55.30457074  
3.25368908  19.06911913  11.59019747  28.87971542  22.65063129  7.584598625  31.60081692  56.55582963  30.82970635  
7.455128905  1.398379822  13.33713017  4.836116432  10.99741992  71.55096279  0.2282376184  40.68768166  10.90280936  
13.80879225  1.105870428  2.12143791  23.22565293  4.679675288  13.79226866  31.81012272  279.277641  120.4355017  
4.758099337  26.4608072  16.33539563  6.838349154  0.1136999083  11.93042069  18.25203398  175.2809274  119.3446787  
4.846838868  10.09768136  9.135209756  13.43012129  16.25562461  58.26652159  6.10243461  10.31200948  166.2714889  
0.2696003017  8.953318701  2.835785099  9.364643682  8.162490715  42.76694217  37.40429973  86.69802296  107.4555502  
2.802234326  2.566640436  15.71806623  8.795640071  14.42830749  32.73944523  6.312935606  28.85004099  383.5239678  
21.2630426  17.17570938  2.101474158  11.26398743  1.162865165  126.3929108  24.51645229  46.50802779  100.181484  
13.68918934  13.17627935  3.584273597  34.57542384  14.18642897  42.03111272  21.53604562  8.627356842  28.56224883  
4.98983356  5.590550423  19.80592347  2.975809287  17.21018254  10.61751493  1.845784334  55.68673854  53.31942559  
6.323920044  1.60472746  4.539333124  3.060060523  2.48745822  48.74037798  23.56596758  36.61154843  107.3479264  
5.463582887  5.277967379  31.49569033  17.11144654  7.994639973  5.276431084  12.40096852  69.20524503  61.84625615  
0.2250355509  0.8206064427  26.93464608  1.758543163  5.510404453  8.050327741  26.72267723  38.29065121  129.7084579  
3.708923849  12.99060627  18.68395289  8.215856885  5.816262115  87.96948432  0.2684076972  43.7947976  113.55328  
1.252333799  1.59351541  6.949235233  4.652973338  8.667362399  43.41248015  4.763421264  212.8632082  138.1061164  
4.048114044  3.931376006  13.95022091  9.492629648  26.76155097  31.32414047  13.0505819  26.08699473  5.339538553  
2.081117178  4.435389276  14.11073478  11.73668814  18.9209558  14.5603141  2.568941301  81.71250779  160.1430236  
4.997950824  4.286706479  31.08312199  26.27516159  21.30733007  17.99556586  16.39312005  39.60914315  13.4970117  
0.6570564983  0.9889783293  10.74025186  3.694457381  5.20739116  33.93824604  4.420797193  93.37863181  214.5103445  
2.343219943  9.03176718  3.999221568  0.4982966245  8.045373995  87.05057339  69.10001896  29.9446822  47.58689809  
2.43011788  7.78947961  4.853011177  2.925401094  11.54420138  27.82843371  18.7172115  173.2445972  107.3461632  
2.107513827  0.5533231258  1.867220235  4.106826222  3.105841766  23.71661774  27.65279755  27.76661631  118.6981128  
8.907800788  4.859992538  28.45161588  2.490452435  6.624352398  28.16606589  9.814054659  42.58103045  174.0015264  
1.597506532  1.991768133  0.483176396  17.30648873  0.2519015494  19.33381452  23.52226176  10.41074945  109.8029696  
15.17845727  0.9011244218  27.33833259  4.540547446  0.2491624396  8.733602158  1.834661795  16.68001207  91.05039858  
6.407248974  9.501182277  2.325245195  1.565698302  14.29122642  27.12367927  2.148121758  9.1783678  58.00763788  
2.759591269  3.709767311  0.2421767122  28.58336527  3.694035093  21.03605469  1.682901894  68.84582004  304.0376196  
8.565250225  1.122650008  21.39739007  1.173602311  2.480423649  46.01777177  10.98519434  15.5791183  41.71942697  
6.486681821  0.9274090801  3.600576841  10.55622201  5.678277471  11.26303821  6.935455271  3.2566157  66.66871123  
8.629993237  6.123878576  0.233666454  1.781178562  26.69957645  27.13959989  6.754160032  33.06853842  158.8170459  
9.682373862  1.755886713  13.05566985  15.85265704  14.52487798  100.9687367  1.636367235  13.79316862  140.3787055  
0.1209538899  12.83544161  26.1247698  8.332936496  3.737036956  8.463423243  32.64505724  367.478602  157.9898816  
2.95339768  0.5300354655  1.01273955  7.755199373  4.306283983  29.04476912  14.79326742  18.22518588  91.18570027  
13.5878189  0.5452236318  12.51789879  1.528864815  1.842045592  8.068575944  8.116734603  34.11572025  122.24044  
8.560388678  1.158332973  11.03182158  2.896684483  7.544018477  26.72210068  14.7725194  59.24847001  47.96954115  
14.00981593  13.36563486  4.249886166  2.610367645  3.04512757  97.37204083  26.96883817  105.8013544  261.7835261  
17.35595048  6.432010626  21.87816845  2.444319166  5.857933965  32.64834942  6.869571483  2.622260107  246.999077  
1.262543541  1.366853884  4.07669069  0.8916777058  4.765003629  21.26643852  13.94967179  72.94217385  134.2631149  
1.062850982  9.513182055  17.86099067  16.96942871  12.23637935  1.844546418  10.76918483  2.763093002  94.60935416  
0.1735598319  15.51585342  16.47100376  17.43485978  10.31877969  2.962895171  29.76654706  129.1803051  12.36146694  
9.200267203  19.0238678  3.320823445  2.714654165  0.627567707  10.86376022  4.388432017  18.31153732  71.07723867  
0.5354756505  5.837301912  8.39345701  4.257879384  37.15307131  6.538901068  22.84308509  52.24454552  16.88912964  
15.65903572  6.847252007  2.570655812  17.11444496  2.619557056  3.777550211  5.593889508  2.275516005  65.50451744  
5.179486215  8.509706482  2.901539259  9.203565784  8.350489089  46.7761701  22.94602548  15.26894682  131.7952793  
6.2980021  0.3472615232  4.568252355  0.4323002543  23.98892333  18.42975929  9.477378276  30.6012529  41.45734615  
10.00299804  12.77392982  1.794545544  8.482653008  13.35251679  1.821872409  2.350269129  19.70175594  50.08303703  
2.178124711  18.81065694  3.972000906  3.107175216  3.877633085  1.744434896  4.740961482  2.923984677  350.6826537  
0.01465912549  1.07328936  3.055647878  0.8945219946  19.46717487  15.34284419  7.30331087  27.1439995  92.23207055  
5.678934816  24.36344998  4.414828508  0.3491465861  0.2316526727  4.793330728  5.394622866  12.71579959  291.7001088  
2.066718895  3.151458536  9.945117573  14.3109379  8.412409527  47.57338416  27.45452583  78.30292131  47.50236618  
3.851227901  13.48017534  7.674164611  5.078038888  25.06563744  6.539810212  9.96192033  9.574690035  46.2752668  
1.053428701  34.40570557  18.02980805  15.89375148  15.6815928  29.09771413  4.387062603  7.773341083  27.27198349  
0.3023617554  7.503252541  2.995261166  4.615921794  41.54070116  8.868258492  7.762260432  3.623428303  121.1396843  
2.587181653  12.2978107  11.81138367  9.518136165  17.30817941  0.5196604725  5.834035128  24.15554197  63.81646162  
2.358644969  1.871850949  19.9389725  10.88393  10.64284454  6.447745226  9.442725683  55.43180494  5.862537139  
0.01801420298  0.07484565951  16.09879163  1.314924863  31.61512835  22.57423041  12.78964687  41.05377296  189.2238681  
16.11873361  2.494406455  0.8414802648  40.5011354  0.5498016481  4.324261943  24.98418736  63.0705754  123.5699411  
2.065049568  0.1627061378  13.41293944  5.068701745  0.406355536  14.81484791  1.448368065  6.153670431  96.74575983  
12.86589392  1.068764417  24.38984261  6.207202317  9.336956045  1.345217579  34.17150399  59.80040052  174.6129237  
7.059267271  14.05184902  2.973122756  1.062644394  4.161912024  2.25127388  16.07709169  63.324104  166.2574647  
3.477289501  2.34306711  5.481237165  21.16906751  24.66574576  0.7781372148  6.879065139  7.78590931  84.86848469  
0.3559905974  10.83937457  5.828424917  1.45332714  3.5524759  2.520691352  15.8826562  20.59604181  7.362633418  
4.518637599  19.00575001  43.87314724  2.761938163  10.72637779  18.23215113  14.89748654  103.7050236  212.2275901  
2.409660512  12.44362442  1.134887212  22.03048394  3.154958662  33.73428702  53.90192092  26.05597626  175.8209577  
1.093158626  4.478907449  1.055747255  2.505904326  17.04674384  38.9886775  38.45495709  58.59981873  76.13239254  
7.16733597  2.982758703  39.19972301  0.4687290176  24.46894601  0.514031433  17.79780941  32.02692177  51.33648648  
11.68415119  2.173070151  6.268415451  12.90360592  7.265497629  33.96433952  28.77418944  31.35044093  14.52352716  
5.345982605  25.31816741  23.13800049  43.99163722  5.536070137  18.17440148  11.81193145  49.2261516  73.34752851  
5.295913404  26.69159764  39.57252808  4.422855887  18.5141817  25.74292044  3.782140317  0.2775908883  50.02600668  
19.74846029  12.09333379  1.122795964  6.645458231  9.157868411  2.173474699  7.348488331  52.67052876  18.37407918  
5.234733473  0.6237857003  6.483986031  2.085125133  2.279478103  21.40197957  12.2659763  9.622994414  128.2741306  
33.11232906  4.032006068  11.89424132  9.344551292  18.28000901  12.23386987  11.85872651  82.81832459  36.68805389  
5.487497981  2.404893024  9.932728529  2.475377919  1.546133796  5.467025278  2.106389323  79.6513642  30.28265166  
0.9635582894  7.23496152  0.677765559  7.473672176  37.65576635  4.245182982  19.34370473  37.54999848  29.85757348  
15.32420109  1.656159596  20.7109904  1.027586285  7.517638301  1.558188585  10.80205628  14.96842543  13.65543649  
3.686207623  3.610707894  24.18517357  11.60778248  7.264830225  16.29368023  61.28182111  415.9939956  105.5925568  
14.54190922  0.2835120074  4.463747589  4.057833921  19.42875278  79.63429232  9.945361654  11.41730936  246.0334378  
6.921789944  0.03446478422  3.878787746  7.638051749  8.339387549  36.23504771  28.60058264  14.9719258  27.94532859  
2.818047837  1.412848467  7.230865375  2.911181961  7.481155008  4.0306971  11.42960979  105.3930197  17.3851281  
1.234300903  15.53522545  5.510402132  1.65958613  25.73997356  25.17245742  5.769876439  9.698112091  249.3527678  
0.004940711375  2.821809952  5.597549145  1.902664244  10.91597325  7.238719595  32.4442707  72.97313299  38.56165455  
3.904342416  5.273105834  3.591469275  22.38107688  0.6151190409  6.437247617  3.243113209  26.12760034  216.0537048  
21.46224347  2.73264959  3.51327257  9.68240701  6.277710678  9.605422614  6.245104555  27.83095365  37.68654692  
19.13836585  2.723024848  1.596157004  33.61547644  1.327035065  1.527613416  8.766679671  12.63018992  25.44261672  
2.073405138  4.168841494  3.545989931  8.198246052  8.482798953  10.45370657  29.98440307  177.6118254  56.71321308  
19.88523295  0.4687362517  6.540285185  43.61649878  26.11937471  12.21380244  0.2939387274  1.318730995  111.4095184  
10.16606518  29.81902863  49.50531344  5.73983596  23.03539774  2.360157421  3.833232044  57.61606939  162.606481  
0.4993893729  47.38562433  6.354485621  4.02413446  19.26250218  4.945137543  5.414755032  37.49870129  85.30235247  
0.02852227622  1.710627341  4.902461907  18.08023178  2.689438279  2.331173891  11.08965921  47.8177599  109.3313709  
4.54703406  21.48856566  0.3986114247  13.44616786  8.726889108  4.847194847  1.344937215  62.11828943  17.5152026  
0.596311376  3.042390965  4.041225168  8.521247727  0.3509641463  12.93377705  18.99053595  103.9919115  135.3571157  
0.9171062355  4.238560064  22.18010537  13.83323763  8.916977067  4.172549315  7.699312631  13.25849475  121.2401311  
2.876091575  2.628848338  0.2760007761  7.190401445  5.967570664  11.04996017  1.596836213  63.92318942  96.43808403  
0.7335575996  9.187055434  7.524001019  1.694902449  1.896438227  19.77904591  11.99298594  122.0762269  25.52856937  
12.2769181  6.676028662  14.01719004  0.6449927368  1.396288594  23.6623881  13.26765214  10.53660914  1.261421227  
13.3450941  7.835231305  4.729502354  10.80223539  29.25704646  3.016263904  35.13266227  78.25261437  24.53813615  
10.79913867  21.11470435  10.37568682  7.709493097  9.333474552  4.408184345  11.21705655  57.44511709  46.34344881  
10.34781596  8.309636858  4.519544634  4.997320503  4.470054014  9.962858554  50.96525887  265.3930295  36.06080959  
18.6274738  0.1909267903  0.4861932987  0.3571475622  7.441351648  21.80893596  0.5282575233  10.12024804  35.78545893  
4.11900208  18.46642476  1.39979215  2.765193787  1.002575261  20.07833715  3.12542015  4.404997089  22.64477376  
2.987227259  2.235590211  43.18011997  4.404400025  1.818230426  15.31847709  2.832357542  21.74318871  68.83016251  
12.14874899  4.957632205  0.3301317222  5.380883813  1.052453693  16.78908129  8.98867049  84.33655835  273.6508646  
7.224721146  41.89895099  1.013829375  1.198237285  23.66507323  1.684922199  2.236753864  26.42074119  179.1873976  
15.22589422  0.2061444136  2.095187933  3.903292867  51.6091901  1.42615249  4.211286535  19.4973672  245.6864334  
11.91427302  1.549338674  6.121683925  10.26477517  5.254034187  7.347705211  4.62541635  165.777179  0.8907666799  
3.546942408  10.12378661  2.838452066  2.206854426  36.95357633  3.417738386  5.790930828  10.79670217  66.08464928  
0.01154592392  1.75686519  1.250740858  2.8060576  43.71340374  8.443676402  11.01852419  3.589907795  101.7679683  
3.383178627  6.855663762  16.74948937  1.362503783  16.9542  10.95772715  13.64917401  6.508282661  226.3090274  
6.848773867  1.35857538  0.1649935271  15.10565119  7.508418727  8.648845488  6.538810239  36.61541188  259.0051042  
5.275239883  13.54319523  34.01270366  1.512171117  0.325185293  9.958600629  24.98013826  35.94712168  29.20740952  
12.53878239  6.249328298  18.47106343  7.616375763  17.95719351  17.46987792  20.77728282  54.2103137  154.2923944  
15.49650236  0.8007684607  21.69057835  1.79893918  1.200468224  7.2530216  4.267702619  41.71207975  268.9980156  
0.9813143872  0.5531732085  1.636618697  12.11562099  1.196926102  4.441673688  8.086409094  27.34649039  57.26558487  
2.685368519  3.586910613  3.969381482  3.137958619  8.199146193  26.7802648  8.741607917  74.22572561  35.47744785  
5.079440982  0.4673310245  12.11894496  8.113635867  20.1750116  24.5298326  8.247541282  10.93564807  76.82427947  
63.12259258  7.43481101  15.26355414  5.146196403  10.80848881  18.04922432  50.66460573  61.87400828  160.1721542  
9.574612873  4.605065414  14.03702811  19.1332445  0.6454697105  20.29238418  42.7257069  141.6765085  66.14322694  
8.265143518  77.86653366  26.00889597  13.95636836  10.9648096  12.50432963  8.391436887  55.18451019  31.98306861  
2.301189993  17.52995304  5.439511747  19.98018773  8.283813916  13.28504788  10.49750198  25.38016218  109.3354653  
10.02652192  7.993564435  5.807506743  4.536977964  26.29803009  1.78877258  21.4178834  35.03083415  74.80244893  
26.30737566  12.99278984  1.097276548  4.722989678  6.151555127  0.9480698014  3.970326588  7.593125239  205.1822474  
9.613309728  4.692087362  0.1666379146  4.662564006  6.198365373  13.83234548  20.692631  107.0346005  76.26114284  
0.5288096775  6.321214187  1.386264836  11.02259585  57.87324374  12.41772332  13.10123615  35.04752065  173.2532856  
2.8369548  6.261726138  53.18802654  13.41284803  7.146313254  0.5624667777  40.84845958  104.5657658  18.09736245  
2.384198368  2.982124512  24.23044961  3.604322085  6.584643321  3.219212057  12.49363811  19.08490393  37.54301534  
5.568294499  2.041556339  6.401405038  3.30087669  0.6873462872  37.82258286  11.27431633  40.07336647  39.69454965  
3.017536289  8.999191427  12.95568211  8.372418455  7.915384706  16.90523732  36.60183507  10.26394009  1.156041241  
1.014684246  3.03178754  2.120410865  8.469181873  9.673596044  14.13299552  25.84733377  49.61251597  101.1249883  
13.30314348  0.05571779688  6.211975662  16.70011932  12.03854776  7.185244908  30.52025865  104.5039371  20.49733402  
4.608096704  4.070831162  1.876355957  7.814990803  6.394961165  7.96536125  3.916129203  33.86431411  21.95432825  
2.146252516  7.970464226  30.49264078  10.37154381  6.029055902  2.370893127  7.636717928  5.923828489  5.259252566  
11.48428631  2.428918863  0.7253648491  10.33476296  3.968018924  4.617984085  4.342269255  50.85700403  16.73559375  
0.6315497606  10.4029869  4.820600644  6.028719111  5.151804541  11.90840277  3.753585834  130.50984  99.21908712  
1.141963135  0.3163217367  16.67757827  1.259124154  4.807591006  4.309065845  13.39282835  12.46533181  92.7670138  
32.43851462  40.70560679  7.005236845  36.98463171  11.08189524  5.403573118  12.46134518  0.2927481609  24.06552399  
1.863410297  2.644846136  9.245588244  17.08387818  4.010892354  28.40309299  3.504550358  7.162197703  82.89184086  
1.805339126  7.69865831  31.03247404  0.664419599  1.735244184  6.378800828  4.18108454  1.974469073  311.8098898  
1.655836829  11.1233959  0.6696974109  17.515404  14.02882289  6.215314906  9.78113209  9.160318481  186.2935209  
1.817877414  7.838576837  4.939073907  6.190597621  12.86828629  7.970107889  0.2538369619  9.985117055  166.0936903  
1.537830487  3.336460094  9.183103905  3.819231122  0.804796842  1.273550886  6.068257448  49.50014811  117.3901136  
26.48334275  0.3579402855  29.74604692  2.305533767  11.76288058  0.2907388053  3.566525575  7.105038888  17.61891258  
11.74386336  0.6029417988  0.1421413755  2.295348605  3.936758347  12.63423933  9.244662358  16.23341734  23.25620673  
9.424089248  3.677697585  10.58605712  15.41064999  7.967798059  5.07955873  2.81686014  9.635238009  106.7963466  
6.738137777  11.59355868  8.092493836  9.233113982  18.68820169  38.62569636  24.02307158  46.9053812  83.38945691  
3.45807998  2.562859096  0.2433219885  7.7802616  18.3672508  2.705541471  8.619541712  9.476615084  75.57620048  
2.007000969  42.14496353  0.6288651131  9.069863061  11.86274294  34.30130624  2.524540738  3.88023766  18.34690666  
7.255138788  16.50419591  4.703208899  2.567928308  39.45649077  12.11599928  2.582357845  13.90256359  124.8141772  
0.3460153007  5.707772745  0.2922297131  4.904065884  17.53449154  16.42484995  0.7215118259  81.03335153  249.2745774  
5.780929431  11.69228734  3.317163738  3.49830158  52.43724041  8.964783593  5.331401534  36.76089428  616.3273728  
3.965244948  2.965632828  2.617795825  19.61385257  12.17755103  61.41292746  5.636531861  8.74679293  154.8332469  
22.90012192  29.01419522  1.292915566  27.37857293  17.07024512  10.60878169  21.59901827  47.61073474  185.7746024  
13.16957232  3.126133483  56.7947269  3.288837786  6.402169383  5.162472939  1.630412653  10.47967858  127.6036677  
16.64390379  4.522779894  3.258591778  2.621089724  4.628350398  9.448666986  24.11029261  12.7138371  63.8757245  
2.945864514  10.81897785  13.23185759  9.71864684  8.425843466  16.21300452  20.37838997  6.62529544  74.3641294  
7.151927161  24.71024347  4.351363177  14.35459684  16.06320807  4.134582393  11.81778148  5.763273575  177.036983  
1.364637929  3.564480388  9.781274054  0.7278515745  16.60572296  2.123211238  12.52443685  14.21378976  138.716767  
15.0648537  4.963300465  0.3813998377  22.5211953  2.365988975  44.29359156  0.007798085592  3.674186169  136.9552876  
5.753023948  6.989935523  1.999838144  20.09721718  11.56834456  13.38010892  12.77417304  25.15173893  57.30376336  
14.68491222  9.948574562  11.74992815  8.097378373  6.004218129  0.02653390752  32.25561007  84.49449072  203.9131132  
0.803831961  3.540440756  5.256197454  5.115363002  0.2643412607  3.87350106  0.2678904716  9.512847178  219.8256047  
11.38683142  7.08342328  1.716244106  12.00381598  10.56173882  8.384584071  12.37918569  38.74515954  14.07475548  
1.519713952  2.725672217  3.347701772  7.078513382  3.228330034  1.109626809  1.672677253  6.343348234  22.39141112  
15.8853789  9.562449816  12.24649278  7.864001377  16.42502454  30.3817659  24.75765742  32.12214758  5.621344181  
12.20724913  1.357956983  52.44788671  0.5792482298  0.3420193705  6.857404585  2.890939802  0.1695769142  6.078269454  
12.81025939  14.37540514  6.336399723  9.010944877  9.681524738  48.31077705  17.66944975  23.75546461  94.42122651  
21.81121457  27.39654104  22.36811416  4.55456991  6.440855553  14.42627619  3.500017501  23.26957567  38.7876448  
10.27663817  16.29956265  24.4060877  1.035128567  16.02968245  7.443577786  15.98909095  62.87850962  49.71804759  
12.57351367  4.245506274  2.938683942  11.39659194  3.091414711  7.47782037  14.35566028  110.226752  60.31459391  
11.19911203  15.76745966  9.001389459  14.2543784  17.10591709  0.1889795575  10.27955498  0.8258220549  174.3695387  
10.23838081  13.69022783  25.50050719  6.193944239  16.68284482  37.66189271  7.321981139  43.33246887  49.97844842  
3.010400708  28.96883701  7.057597595  2.244064332  13.86572797  34.32453392  39.10046996  155.764534  87.83052045  
0.3721880879  14.04208265  2.021458882  2.542647855  20.14468606  10.78233764  26.32643674  14.60151513  208.9372879  
2.366763337  2.113140522  5.809284091  45.29699418  0.1580343101  2.746880186  6.979651269  2.566765316  47.54758798  
22.09925047  17.13775852  2.865676273  5.523110047  20.46635436  29.43076773  7.886845854  4.363479245  104.9298332  
6.061247185  1.729643146  12.50638769  25.41334128  5.804448609  0.1287605944  50.91154099  234.706173  62.67017748  
1.796035981  2.572446298  4.3332259  14.11231914  0.03361273569  3.731548601  12.86225166  16.21723842  58.35573841  
20.55142454  3.412164455  7.027318009  5.167974131  2.83649895  17.72534124  11.90426991  24.98045431  81.20831037  
27.90122177  0.2293071188  1.069946354  9.051711634  14.57768577  7.594895607  4.816492997  5.475066397  38.75995819  
16.57866784  4.308253757  1.054794748  1.757058658  7.274998173  0.05056267346  10.09979902  21.10308196  59.95686681  
7.547075098  5.958635357  1.817203006  6.368461342  25.92345929  1.017554826  19.78488001  5.254771517  0.2323806383  
3.069839278  0.1771965619  6.710003265  7.724584147  34.46192889  12.94287513  16.38404001  37.33101848  34.25240057  
5.962156979  1.632019443  3.588110015  15.47591102  3.221125968  23.87975562  13.29911863  102.7167136  108.6380775  
0.2389902917  30.7057164  1.284622127  2.338330872  2.828336869  36.40960873  26.30260275  63.12795616  102.153632  
8.924626905  4.853301579  5.576765703  7.760720017  3.046942211  5.276669671  2.090088279  4.95423482  42.80090221  
4.828981017  22.56345121  4.001016481  5.001803213  2.084033435  14.13663168  10.84431652  55.86006839  6.428810823  
3.879718999  3.259366668  10.60228199  6.555533925  3.325381448  42.94140355  6.920820431  16.96129867  27.54329086  
0.02613621716  36.36353596  17.58688608  3.645219763  10.84073163  55.80229511  6.199605129  0.40766294  17.54834086  
0.1900909316  3.260776024  10.94646727  2.09883505  3.253833699  8.059304383  5.981021151  22.08199987  65.40405691  
0.1906407572  11.38840638  14.34653572  4.575970739  1.011000378  11.48068069  1.227741649  4.961894352  8.296655974  
1.594676245  15.43847537  2.430153913  23.09506689  7.045602573  29.2877414  1.393136602  25.84148106  146.5845344  
8.792824263  38.94053183  5.531659134  7.87326485  16.84320978  11.18426495  14.07941456  151.7834318  43.12011199  
19.53652417  1.253257442  9.477404059  0.2730324517  9.64531975  4.871355908  5.68677488  20.47525551  82.35606485  
4.779166834  4.527350494  0.7744861819  5.722261912  31.16786033  11.58317621  13.33404138  26.76954551  48.71812224  
3.054043425  32.4218256  4.794876947  3.464917498  11.29161728  7.783283024  2.222244077  79.02082073  52.40838389  
2.733538526  8.993968662  4.837788262  38.25438358  1.578774539  50.15192196  9.298543812  8.353941574  73.05502798  
10.06540831  16.75626437  4.252714238  1.975367702  20.04413254  21.86554705  0.7825072998  18.10469369  264.909224  
6.990726331  5.554171913  26.76631675  10.61478888  2.643976895  23.86112469  3.427974169  8.808860559  77.29892756  
8.59461348  1.827263778  3.474944626  9.481744777  4.216846712  0.4293105011  2.315239476  21.77666414  110.701638  
7.316642617  3.31561199  6.742382103  0.2007785256  6.9530796  5.182188039  22.65628035  98.64049385  127.8250843  
12.76451091  17.78409337  7.289656051  3.250423532  7.958181478  42.70256955  39.87596694  43.8698055  114.7818276  
9.539743184  0.8021348128  4.633140593  14.83683898  1.426350563  15.67698425  11.95815916  64.99829653  213.4829281  
5.648686221  2.727577284  0.1624531526  28.33350491  4.728018036  33.79011317  19.9243912  44.82985882  85.40452714  
0.4347168824  1.040514048  2.217028386  4.867504969  13.57489396  35.99014201  25.29808619  8.642786966  18.11790085  
60.15728253  3.616748488  15.44996596  0.6731300165  13.62674772  13.89519939  25.02398333  10.27876311  88.93382315  
2.216746958  4.249714785  4.458460921  10.58659735  26.1280356  4.023212574  6.385350546  63.16448425  20.14868528  
0.085379632  3.681446597  5.678541789  4.559961408  9.307274484  1.665799541  20.01756182  60.94057602  56.49036907  
0.7917913447  9.921005166  7.467064317  8.296555763  1.572147625  17.16985416  18.10326601  20.97679019  56.64913915  
7.160250866  26.54785935  3.462982398  0.5925552907  17.07602317  23.45150647  5.442793201  9.7649735  118.2103318  
1.318997364  0.262120388  0.06206843206  2.64377904  9.931149428  30.98118055  4.111867454  1.386268438  110.551316  
3.217446838  4.6962656  2.088880312  1.882357817  55.49784276  12.62327109  2.495673329  3.570231103  9.288154904  
1.779864132  17.59484229  4.260639144  19.28582943  1.245798062  0.5958593424  13.32863917  166.2550527  410.1325111  
2.629308836  11.4329209  5.825141971  3.95903005  0.1006390505  0.09030481514  1.396469551  8.021179203  397.4816195  
1.205196072  14.82638624  0.6699295523  1.141891634  13.32848384  7.095692558  5.975899455  98.96792584  127.3586001  
4.438413591  1.617222216  1.21005637  13.06823016  4.580369615  71.89464216  17.40365173  30.1095261  79.62872791  
1.603614646  13.63513799  3.064741073  15.95928662  6.678993485  5.554761834  47.14127655  29.18824123  123.6904565  
3.371171758  51.39939205  0.7662423977  15.41129209  21.63872034  13.63141783  17.79747026  18.85573668  36.68353118  
4.209601868  3.501864981  9.82663681  4.924363912  21.03849509  5.868689186  5.036768596  65.468825  0.8726043271  
1.051946717  2.991030444  0.7581494486  11.02822915  2.482914803  5.618354581  0.3759936641  63.59789657  68.1348468  
2.816917692  20.09331473  12.29118681  5.326915451  5.569375732  21.9762396  11.89807381  1.006354571  31.35509  
5.16396338  4.687444992  0.0287797758  13.85512708  0.7147551307  10.04458043  30.41110929  13.47915291  36.5220155  
15.6383565  12.58527365  9.846886119  5.548117535  2.169772103  21.49635951  28.33798508  55.27762421  293.4487603  
11.06956654  5.212698707  5.544805581  2.675749643  22.69673019  27.66391171  9.998984468  7.505773434  448.5652211  
1.104669844  12.27347799  2.105970912  22.61697201  12.57945537  19.04336147  27.33900232  29.0480743  40.18099202  
0.2709856344  1.651720132  0.9021594229  14.66233504  4.118606446  44.85338862  6.82211481  6.004461863  172.0485824  
0.57843931  1.857686489  10.70101787  11.39949414  5.131365917  11.14161111  0.013008538  1.320890478  250.4415096  
1.755715337  6.491734397  16.61505253  8.906920427  8.00182078  31.43053578  7.261992735  57.81978411  68.85385643  
10.17669238  4.585359867  37.83519597  3.356167284  11.99972646  9.770581202  24.51958446  15.23326007  5.039563273  
2.259879125  40.99742248  0.4573251161  20.18160375  12.21870537  15.49945717  20.82925505  29.3619184  9.759156744  
0.8489948862  11.73079179  10.51991779  13.62677948  2.438011163  14.43214497  28.88624832  77.26006041  67.97474329  
2.664321686  0.4676322983  20.94203018  7.387475196  3.055237368  24.21628794  2.867504961  51.0915092  240.148742  
1.299659359  48.52444494  1.368402781  4.466413554  14.7471082  4.727045856  2.996301825  33.34641042  97.43033155  
4.86844393  8.375593017  0.03192487366  5.684051989  4.824094846  25.82682595  1.053943508  29.79777714  174.0812071  
11.68589911  0.5310800153  12.52550498  3.572399205  21.91452753  18.07949069  28.37151416  258.5657232  44.45292133  
9.546373418  28.25416797  0.5123784874  6.913726415  7.795050947  10.48400999  0.3530947367  7.564359044  132.172697  
5.039896085  11.84750169  8.935313321  2.227883829  10.72432484  9.171031092  9.65370215  36.98801347  218.1028476  
6.716369482  8.852763938  36.50024967  3.426844576  23.92335486  28.30376433  9.23595619  10.80381301  40.30216636  
2.077195566  1.225700129  0.2401078451  12.60929297  14.55699053  1.104631612  0.1564924932  22.40451063  35.88814418  
2.000527759  18.65409185  7.342359104  15.17578637  0.351926186  30.59150858  1.801595054  22.56289702  57.69178958  
1.505075152  0.8522327134  2.60775215  6.996111943  12.07601347  3.253738507  1.777728208  43.77813039  98.02602028  
6.025703634  10.94600717  9.031457948  2.610360091  7.305856358  31.20603176  32.86671882  12.61211176  3.807082394  
3.351922907  0.06301783775  25.25100903  9.247963382  1.205945805  8.90788421  12.92132171  40.47435161  31.99614956  
14.23325434  1.582533123  7.466897688  10.36079919  1.939012409  2.390949306  0.4875500855  0.9270158015  5.783846382  
7.636369727  9.128153561  8.798796849  4.747272066  7.727772221  1.855956995  6.031955513  32.67291458  36.14603705  
0.9817569517  4.114920241  17.72343164  2.729437074  3.471317262  2.05419942  11.63890065  10.75823932  56.19325347  
4.538349173  2.64421832  6.659896584  26.08585122  0.358088692  14.4119167  5.60899952  0.4207938901  54.51700583  
11.10447424  1.314375977  0.07114687105  6.611783018  0.6557025099  17.52576837  7.837086065  37.99606127  72.39050698  
6.984827857  0.2512901636  6.050320662  0.7452261576  1.999807466  0.09742554416  8.90433232  108.5246827  70.87502029  
0.7287975839  0.5240903065  0.8925618947  0.6513495032  8.344740151  16.33804172  3.265185182  51.86159163  57.26122665  
26.79385977  9.192100469  10.11813419  3.087725511  2.181665561  29.38927547  1.173590152  24.04875481  124.656108  
7.011755385  2.686435954  1.141388524  14.77442141  1.281969268  2.438696699  8.069947966  6.428801512  119.2304186  
3.662869235  16.35941672  0.8516077872  9.273616782  11.01357614  1.631654778  0.871684433  3.611323549  227.2256935  
0.3536880286  2.182360201  12.87284475  1.208034391  0.1591971319  12.44924823  3.531771838  1.719069948  89.20812591  
1.060764285  2.193105104  4.322694463  13.79168772  2.704334294  0.3436310853  6.706115925  12.9300284  135.5046635  
11.7050765  6.410611985  3.146784399  3.942650327  10.5294367  3.28827301  3.210847425  0.656542965  12.09155007  
7.329689836  8.284426499  3.185690336  2.583615803  9.457916053  3.290901045  0.5318763172  5.601539931  87.25442407  
5.447743426  22.32365902  8.989726927  8.228934712  2.85506036  18.21551195  9.48451309  38.14557078  15.62666201  
25.03907625  12.75999117  5.215173696  21.91830188  1.594146937  7.401539138  7.911902998  25.66028691  110.1312761  
8.034486355  6.830808377  7.021300979  3.599005911  20.17091257  17.19468409  15.1298586  24.51774253  40.62802727  
0.1415720141  4.331975834  20.31832273  1.628060693  3.051155778  34.97676502  0.5499542902  18.98712104  91.79325021  
0.2993017378  27.87286727  16.09779954  16.97398898  6.51292251  7.247470343  7.339184843  39.31990433  5.010287349  
7.285576351  9.200790858  1.285846426  11.77041514  2.555534237  2.703697891  10.83339194  68.94511792  66.96401701  
0.2015646052  9.838873513  15.88396649  28.50454745  1.724288895  3.274215894  6.881696966  35.53897608  24.23076912  
7.946562048  9.970715725  20.66707527  3.324847107  5.678664492  12.31878694  24.45087461  127.1853259  149.7299173  
3.604484595  16.39084132  16.79271049  13.53530638  2.042346391  35.04730042  10.34623498  39.28475907  34.63280213  
20.12093053  21.23837841  2.96395847  3.089610033  8.463496941  10.84135438  4.001855897  40.3324  48.92007137  
1.072606261  15.38291866  25.14745203  15.34101897  0.3173632691  9.493365436  7.068622035  20.70672887  72.01371747  
7.28170433  1.138694138  3.628769386  0.06549131512  6.431467613  8.92402727  9.355213119  68.28071105  25.09517756  
7.662211105  6.686771626  3.360909824  6.935815037  9.784017428  12.10944857  15.23628583  51.73635275  94.38174636  
1.380361011  13.44716894  32.92109729  6.433186087  2.047396607  22.3745505  20.07076245  53.53749634  47.69288  
15.50959282  7.043361355  7.005597804  0.1339812838  18.51085918  19.79411772  15.01832946  72.49229091  30.15509782  
3.693583958  2.110597399  21.44051446  0.444724749  8.679714269  60.64405768  19.87712033  13.97620754  78.85656685  
5.818536972  0.02636366016  0.7778659993  7.974824612  1.881167506  10.48945185  0.9929820431  27.29532076  55.37396638  
0.1835071943  2.446460154  0.3328710939  5.2896311  12.72125154  22.56958644  12.49631595  74.39272322  283.2852606  
2.085110443  0.9305843212  0.4642271838  11.71584776  0.1262057842  5.968874449  7.18991485  16.48642936  94.85661773  
28.47612029  5.144748304  1.448400745  4.450635049  1.412809551  30.53814802  1.636242277  3.601365508  49.87583222  
10.71586012  33.98991341  16.20330541  8.523504995  17.56245864  1.298996334  23.0353457  74.81450605  45.10843425  
2.039786076  13.86669559  33.27806388  5.44454161  10.86588396  19.63027081  1.347584601  111.2559714  198.466604  
0.8300650615  24.83094062  9.240663772  19.86250768  12.35891973  11.58214749  18.07759562  78.67694191  75.08334468  
2.325890452  3.782152637  0.8422211279  5.577482889  1.541053617  4.938243187  11.46502437  121.6707864  29.50084177  
32.3706607  8.60405538  18.23061913  14.33450027  28.05306132  1.955785221  16.32714973  60.98962516  43.02649157  
0.2444520513  10.70212681  1.887885708  0.01028311812  2.526668941  4.623418131  7.726060955  44.27272812  23.96350813  
1.218664512  0.4246667293  0.8492705605  15.03011718  5.657046957  23.6891265  8.220572581  24.98836136  26.9695467  
1.959382847  10.78334904  26.66703409  3.808159244  2.488133142  17.02865034  12.3950821  32.44673155  50.17040003  
1.789191162  4.192595539  8.745499766  2.085058293  3.807688205  8.613969747  35.24755909  111.4535299  137.6996056  
2.891163677  3.325328761  2.28480812  12.77760138  0.4058042193  2.409172586  29.20919628  78.67460392  60.61371054  
24.6379785  2.151025344  3.41287868  2.750909327  2.802274146  3.123344672  5.76032637  41.92393861  157.6980027  
31.21426445  1.818423089  7.46885768  20.01034918  7.799127976  13.75307552  1.614044276  9.931365924  164.7054604  
3.007961138  2.553019001  11.47163503  1.009633367  5.641637706  20.53424036  9.534444858  29.78541221  70.86304252  
9.065154178  0.7722606647  24.0789231  3.416618149  5.658367954  36.5154444  4.162647405  3.102349706  16.77509639  
0.02240956335  7.437869686  7.326476569  8.456620823  4.334722236  44.98436974  11.51582441  33.32803963  79.77703414  
0.423458947  15.10824213  4.205750657  6.767209287  7.629645168  10.81687911  54.43730816  67.86346359  74.15456809  
6.266237749  1.313767075  2.64951854  1.277167151  1.383034247  7.017005766  3.53245112  28.06786917  10.90225858  
4.381776872  0.815185774  3.021063317  1.5788458  0.8397520488  25.0523602  11.05987331  19.81745722  47.20068186  
14.57019614  14.77540192  10.33719089  12.01607333  3.314566362  17.12515667  2.979473099  38.00829386  10.62013527  
5.609549839  5.217052706  0.1822344216  27.50857214  7.551939482  3.947424702  3.324406453  24.74895793  67.28099175  
2.103261259  3.401852655  8.80323964  18.38601875  17.21264391  23.05174225  11.0522151  46.68907037  15.40312998  
0.44191024  1.711102068  11.58239236  8.774077247  0.4493807803  37.12005927  44.08227825  125.1919198  20.59268282  
15.97384284  11.12655932  4.781907358  7.462935009  11.3506333  7.94260522  17.4559307  0.5328240157  47.06843326  
1.167843802  5.039593198  6.593833602  0.06094895422  2.261134579  10.36245209  18.22669103  49.88963637  96.55451585  
4.108621923  19.5175977  35.65345344  0.8091481347  1.791864253  6.886838365  0.6420505808  7.240799419  32.15189905  
4.497469105  1.995384258  12.83060939  18.50053071  23.18115907  10.98785889  13.47670108  22.05450785  154.8308113  
0.09249558122  29.28404186  13.46050993  7.001694922  16.76857172  15.06808707  5.897466983  0.09225601052  71.865273  
5.352023481  1.362511027  6.826720722  11.66201709  9.68770637  29.66591428  10.80536226  47.45615098  20.39357336  
3.532316269  12.94340452  3.494937476  14.15657239  17.8647038  79.69177597  12.69444428  51.17996236  33.80722236  
0.3337972668  0.1556455056  15.90451716  15.87963354  25.89613173  2.715565424  41.85748922  27.38090342  2.381151262  
5.902799641  3.779703716  0.4337397269  1.313217273  10.21694863  13.74274183  33.59030287  11.50694904  43.72211999  
1.958677979  5.794922311  33.17845752  2.021575874  17.72981065  34.91193461  36.2607434  3.249404576  1.065582848  
16.34340061  9.431038445  10.18466914  10.22514324  0.04237663347  3.221247265  12.97260742  86.33787498  51.24141635  
2.423715894  21.00490974  12.67807754  11.36192685  0.6164115653  6.834652044  5.196259935  4.485335634  27.23051669  
3.478008307  4.937425078  14.15453711  27.93410579  16.14558295  4.716385085  0.8623733232  18.50619711  52.22045557  
4.827935658  6.023201748  6.100769233  9.809215358  3.326640183  31.22680997  15.38219142  38.72236146  50.26180249  
0.4364904233  1.456292564  7.144828882  3.900291428  12.79710593  12.30875566  3.824855439  13.72128974  27.53814734  
0.9294449237  23.77491836  3.917032325  3.178896541  4.354686144  3.158595595  8.484547988  14.69479993  27.25606866  
9.938809082  5.841286965  8.664155139  15.40945892  1.894393251  4.641126727  13.27043561  3.511334086  30.75568094  
8.689809308  7.377319772  3.998243884  3.853440575  0.359151392  1.029345655  2.209454535  25.30453375  33.03922431  
1.709965701  13.59316377  5.100948017  18.8487817  12.28078007  2.642368722  0.7026035969  29.64165901  175.15515  
30.63989722  6.085349987  8.39314847  9.412905079  9.650253182  4.035131354  9.890544159  30.34862423  2.125064955  
0.9048656341  9.585615011  4.804510716  4.938186748  10.9852713  16.25062964  3.826040197  34.85735219  24.6862696  
11.66560111  6.270941072  2.159554436  13.10680068  18.85674866  0.07579065176  4.625699899  20.82808916  102.6348515  
4.39515937  3.852912455  3.20632813  3.170150911  5.062448878  33.6399885  20.6542405  140.7804143  83.75623411  
1.231997711  4.943234117  1.202006311  5.252589265  10.63324455  10.16577149  0.1498337006  1.229640963  219.5149725  
13.70800248  1.74244069  0.8149331862  8.56841588  2.438192981  28.6724297  1.805577436  21.21788616  231.412549  
3.562606482  17.95601372  19.9632007  5.104489365  3.640608333  13.01247801  1.682374653  16.84292374  87.78019642  
22.94897811  7.464580164  6.5508211  18.11766306  10.08992514  4.9449407  9.719474866  90.02106005  42.64130761  
7.008938076  0.8737263984  5.650229998  14.28571026  3.587865594  23.69918832  3.905176721  7.372419535  22.6574985  
2.948558637  0.9400946674  5.796950739  9.948967284  20.78438172  11.16145952  2.473356166  18.91521095  176.4117304  
0.5403426407  7.388425157  11.99840248  0.09318430764  28.22641967  52.9289192  9.371302065  14.67427056  32.84335925  
0.6958388091  6.988368684  5.760345845  4.115424601  8.734921687  0.2663136688  2.62463878  18.14480403  23.07997418  
4.130923203  3.667577156  0.3330602164  7.065046471  33.31833636  33.64911207  4.196183848  26.56454296  1.774437244  
9.625241027  0.8407210473  1.066364596  10.48310809  13.25270946  0.7683546382  9.201204037  0.7208206238  106.8465085  
3.198150231  17.58496552  4.447854937  3.882514142  0.7332887226  39.50262001  3.059539623  10.66784633  25.31631695  
3.690342122  12.66286129  4.75418632  2.571677069  3.169119111  16.12605691  1.365145155  4.26838329  52.90825962  
7.865284923  4.763414066  3.062236067  28.46625799  0.6492495231  21.91152633  18.83653147  38.14444322  113.6691898  
0.4171888686  2.042679621  4.485538072  10.99681826  21.04612996  8.558810199  4.540143912  16.94387279  17.74338237  
6.051632351  27.5189651  15.00414539  3.339210354  9.318574385  8.784886914  5.664758527  27.29240329  78.52865292  
5.801906178  1.416567635  21.1201475  0.1424893899  19.15224658  10.9966598  7.197194636  25.68364645  253.157832  
16.81550791  9.218102303  3.421274725  16.67867077  13.8446839  45.53704824  8.807350826  29.86568386  93.90120083  
0.0422845037  10.45891927  25.7466139  0.3604236508  2.628530768  5.956621993  2.251502435  11.9920128  73.73667503  
4.092942252  0.1519807978  6.178877881  13.83238284  2.910664946  12.31884342  3.756924333  32.58955731  86.49555743  
3.227897521  8.603782697  0.4634361583  4.199570661  5.832485427  18.4156122  5.799726388  21.64066413  28.77330183  
2.507811471  0.3120410437  0.9271543233  24.69727102  0.6591544466  6.417147063  1.980335799  10.212501  182.9744921  
2.211548513  3.883909296  7.94431831  2.277512087  4.666137255  7.689559995  18.53194214  22.40609508  109.5363203  
5.845468932  1.423989068  0.8379656724  27.59425627  0.1568141187  41.10579689  13.09001861  14.78439082  3.430280322  
17.44643017  33.56458468  15.23795936  7.394740615  19.55619804  1.988277542  12.63796235  45.19374075  16.23958365  
10.34253352  23.27552298  1.340718115  2.313301469  11.87899809  23.68278195  8.257136239  3.392225773  11.96795786  
1.861261135  0.3433265125  38.99190724  2.404644071  5.939018572  2.515714193  7.882158404  8.110144755  154.1507205  
2.212143982  7.087486601  14.46415103  3.671474256  5.753268285  34.62551171  7.012083112  67.87861602  287.4390962  
8.009344259  57.81685357  10.71276013  17.01076958  8.663477826  12.67275971  12.2857766  43.37512195  33.71871996  
31.07554247  3.831528996  4.875152037  1.156550437  3.527868901  27.08637449  1.927159265  0.3345848937  80.97171049  
6.996990175  1.578969104  3.894000008  6.297678235  33.45283264  6.389880198  9.759245752  28.60759343  14.89505378  
0.9370477569  9.129925109  3.281731307  4.432945847  6.245376943  45.09751646  0.9653674834  29.70285689  10.57557642  
1.248063895  0.7498402209  6.245781977  15.40830552  9.009870332  5.105337559  4.385755695  27.16618279  2.136074398  
5.140800304  4.655742686  5.087003937  5.503680333  11.11939095  16.67156118  16.0109792  12.71684027  32.0575129  
21.01903159  13.92687446  3.534095984  5.523763035  55.34422243  3.400278762  4.112503195  20.5450832  13.6700469  
4.999960649  4.480887429  1.341323762  6.061855534  14.23550046  8.406812254  11.86170549  57.77945485  35.86025633  
11.24368358  1.188935321  66.22366504  2.449323045  1.533066729  8.395428069  47.23986167  80.51772966  215.0396949  
10.98496353  4.909601742  1.602895163  15.08210367  3.534962248  9.355099945  15.76412581  12.45771991  123.626472  
2.387217358  2.557056669  3.411827647  8.367524351  12.20226392  4.996378079  0.2825694046  1.310404821  12.62500848  
9.016238134  8.789775917  26.01032365  1.007037013  1.995777533  2.362399154  3.939664491  4.237852417  12.75890638  
0.1281473181  2.191293916  6.667485861  3.438933844  3.032085835  1.490002276  27.73180706  25.94489192  80.18282629  
9.710342759  13.49348011  24.52059327  0.1098944421  4.742816246  1.134910777  8.286931044  21.20181504  12.6616629  
0.8233886419  2.771580297  8.251594114  11.38005112  1.856215554  2.993491745  6.398583086  25.73909271  3.720202396  
0.7282585425  10.33775874  2.183144649  38.6296544  0.5943982737  21.85496239  11.57759643  38.63521571  34.17527852  
25.22956989  15.69091744  2.062850693  2.82923364  6.9087043  13.76975997  3.953634423  8.135021612  15.76673733  
12.8155836  8.950316108  5.874156489  5.933105953  4.867535069  4.904149257  4.145907811  44.11087637  8.174691145  
6.691582837  17.25001914  2.190090166  10.00413626  0.6367439873  0.4545767376  2.962118636  25.83472113  82.8741205  
0.2697459485  16.08638809  3.946600034  1.526298198  33.01851127  4.441785005  11.57919977  95.33584857  7.446511652  
0.2601505846  0.6326851639  3.528422251  1.840709698  1.043443577  11.84903753  18.90158837  50.84036038  89.12216191  
9.24972837  7.618732076  6.757174861  4.207367739  6.418497059  17.52107833  20.73526131  7.220228838  39.92561474  
6.249439264  0.0501856064  8.358096944  20.34062199  1.606375054  7.446360257  0.04973603128  76.17742361  47.54171041  
