76.47970523  17.16458038  46.87230853  297.6840435  580.5548037  814.5483066  74.73774938  687.1443353  928.0649622  
71.37985521  9.096711466  53.82468884  65.7119599  51.82645483  645.3900296  213.3918154  103.8745572  1474.0813  
10.5894703  13.26887657  57.93368506  11.000833  36.10382342  146.5351609  183.6298257  70.11002638  528.3514732  
8.18798908  3.015173944  59.55447929  62.18042056  96.23820943  218.8456077  161.721665  29.5206514  127.7029059  
4.629233188  1.294186864  0.6122934393  0.7247619816  32.57875026  63.13534511  7.323799135  8.380773915  36.16841425  
13.53991004  41.33491384  7.97584637  12.54819268  42.78191513  79.83396416  45.25352186  43.13056399  67.10050441  
9.237236495  3.135045261  4.676034777  1.977012168  8.344503914  37.78644523  9.472240124  83.31340048  310.1306944  
5.417048037  11.22268685  25.61206617  6.666240438  42.47721729  8.115541792  33.30398728  162.0496682  38.65551372  
5.828194451  25.13881577  18.87755008  26.71521216  10.19315556  26.90715117  43.90455659  13.42851594  225.5370968  
2.313170874  8.954966136  6.873241902  28.72479625  7.256617271  34.93536766  41.96758579  141.6574485  341.2362058  
18.33482989  1.092623331  5.713633307  7.001088186  0.8295985758  103.8371743  35.13617245  3.912008296  51.96124729  
4.969864246  9.673047809  1.574807135  10.57890846  17.31800188  14.83313678  62.73417919  16.11990337  92.11937918  
11.1951723  27.38447488  0.9792473447  2.314888528  18.94647547  41.25297079  33.31112589  7.717181498  60.79583228  
9.854560755  8.075767955  8.408392419  7.500796955  13.2849733  0.5283949691  12.42815587  53.11603284  7.988213617  
11.98046866  0.06917908956  23.11053273  9.60741107  8.757686147  39.05042574  9.994711567  91.74215211  8.00329612  
0.5908215953  8.492360643  7.564657909  0.2819280843  1.549117661  28.57768127  39.99035471  13.53964881  21.46242172  
2.178587089  2.94738956  47.37725256  2.225012981  0.9732202444  27.82605801  0.9169100918  61.4169167  51.1117909  
4.468885237  11.75561443  1.302338666  7.353803335  19.40642813  6.082589013  6.194045512  34.36877215  198.1528357  
5.764124787  3.688571128  10.39698263  2.117103751  19.40283152  10.14409654  6.482791629  63.62576746  118.1910143  
1.941380294  2.25213479  37.53388326  10.10570967  10.96884479  0.308559786  20.17783488  25.18212377  14.79846239  
5.539845019  9.709970852  3.453028072  8.8776336  0.1263804213  6.394348739  13.64444103  43.58958052  77.73710749  
9.357453765  2.04573569  23.13044754  3.751144852  1.076830507  17.18427799  6.105130423  32.9439008  9.514248111  
2.553712545  5.59489919  18.38386134  4.445151811  9.215576455  8.548453456  31.82033131  6.135596485  136.938457  
7.872021212  0.05949955688  0.3396862373  12.69109602  9.82450881  49.18085769  5.898926264  81.67685364  46.24801635  
15.3952898  9.953823928  12.84074191  28.94457775  26.52970559  26.97077755  21.83461953  73.16444272  77.63016924  
14.36031681  6.684220951  1.043903395  18.58229002  6.718600425  1.774204878  20.40773257  63.03001753  445.127445  
1.498700529  0.09889182574  6.123440361  9.399364128  3.047519831  7.903427362  8.615622496  1.314737909  65.2465033  
0.546472014  9.198335622  3.993029744  2.429488298  9.277796507  1.657656184  12.73391234  0.8023304859  8.92650317  
7.870736185  3.658804148  3.490453922  2.755505944  15.76257839  18.86438133  58.04258955  7.791004215  74.3646387  
5.369438499  14.15660001  2.568878881  9.084872033  25.90696691  16.24790097  1.827876889  55.55954199  58.94687894  
0.02046397963  3.435510849  5.283497322  2.041711157  1.480803667  5.601091427  1.807132271  32.33022923  120.4395941  
3.869102298  3.339510821  2.969987541  28.36063113  7.17869645  6.258601286  19.14713507  16.07006741  1.529850115  
0.3301557709  0.7727166935  8.784293176  2.33588992  2.764075733  7.288106313  4.695635049  31.21354912  86.85968414  
1.101543067  4.468034686  6.406920759  6.934783017  0.3233378589  3.645669363  9.887541172  0.8812823802  35.33080489  
3.189581199  2.303552745  0.3146390236  4.508056993  12.74921557  7.244517915  0.5615879479  27.37691574  31.60751952  
0.6679116384  14.80642165  9.96483177  10.58173416  0.5259524138  8.765173496  21.31768611  3.316710459  122.1193171  
0.444617738  4.228374051  14.3218563  3.04545806  8.030081224  17.73413981  13.38154447  93.07415283  43.47386578  
1.136081842  4.888710141  11.87413034  6.007358947  32.33802711  31.479631  1.967259868  36.18543556  196.6409243  
0.7732536591  24.7472966  21.3248769  14.56653265  11.78076553  31.10962549  2.497108038  30.17569789  121.8461768  
3.502882478  9.519906648  12.3322231  5.33379913  14.22517681  2.682408354  17.41569518  3.841177724  5.793819034  
13.5692644  2.643781953  0.7449227166  2.170300222  1.757382247  4.960287543  5.447983825  77.83321404  22.34660364  
13.02825857  7.328725566  16.45701096  10.77702457  10.6302577  9.239768508  23.48183838  32.05295062  44.21442677  
11.06129686  10.70829739  1.849291051  9.957031675  20.36382511  3.782953187  76.48739456  35.87662222  138.1713873  
37.12292938  3.225658691  3.568004572  0.8854903876  0.05278041761  0.8860058645  7.768936641  13.63560104  117.0953354  
0.1356097834  4.991824101  10.84280005  21.73281331  11.3400247  20.09382321  11.77077707  7.024695395  53.32394883  
3.473175585  4.639607451  1.169711425  2.742205962  16.44690063  12.03567614  7.150873885  0.9208789251  167.3606465  
0.3550209825  11.53142146  14.10658247  10.8191312  0.6397550332  19.909112  9.243930261  50.83695755  10.66835476  
0.4006350265  7.351355462  17.96181609  18.16442941  12.95767671  1.994741845  21.45720823  40.77160765  26.06711189  
3.932327577  24.59070883  8.818555694  8.892749009  8.144554205  18.74179256  9.450461127  5.345674097  77.2764837  
10.41066021  6.227971697  6.764576635  15.85432341  0.06950800015  0.9052212447  46.27946004  16.71022504  267.2279406  
3.167521069  4.950131358  12.98220887  4.18925157  7.521397822  0.6587441675  8.787790539  18.39138088  25.23058311  
0.3677130855  4.683004628  16.57273556  9.198158111  0.03489303971  1.229142529  93.76265724  21.19128617  5.326257698  
7.525791435  6.054436141  0.5734768443  4.532672707  7.928124417  1.768309145  5.717745179  3.063257906  85.86570226  
14.27769083  3.50801981  7.434007138  5.878460376  4.826503224  5.785612995  1.03128856  24.36685393  54.5870229  
20.82730959  3.878605711  17.79471756  23.31248108  0.9328612216  10.14182566  10.40598998  20.54548981  253.9775558  
4.066424942  2.255444683  27.69000865  36.80761119  30.99183117  1.125892433  18.32100644  14.02766091  7.914738228  
0.2656492382  0.3860927988  20.37905286  6.645704687  8.348686068  0.8028434955  12.48979809  39.81179643  78.79122823  
2.055400209  0.9006180024  0.5515000084  3.450242321  13.09063297  40.19310706  42.0370463  6.877553455  279.6270012  
2.276124751  0.09754695724  3.015924909  3.210662059  21.37336155  17.54041181  7.530922171  24.39473503  45.45631526  
8.455902748  11.20664459  4.11801061  1.535072093  11.58557749  0.1312423499  12.01496601  70.7194751  7.444385338  
1.103223479  16.76648569  3.251455064  4.261584657  2.873909528  3.379607403  15.81703516  8.989906388  88.690911  
4.02350656  11.82094024  15.26421364  12.08919371  4.228293336  1.747349816  16.12088948  42.09463137  12.85203377  
1.159506028  0.9950649269  10.29787568  13.13131292  0.003306950759  13.39206056  13.32930363  12.06646428  12.74969162  
6.78109997  23.83890084  4.433874053  0.4266113449  5.355985096  6.446847126  4.85148614  57.97052585  26.71312486  
3.410271064  7.387456202  1.799979905  1.706709901  9.322047492  5.082009515  21.10325331  22.5026679  187.6640426  
3.674874406  0.424043809  7.089094476  15.08922471  35.73848141  15.63879836  0.4274824752  2.490882621  33.78687855  
11.73396401  11.49296478  4.929210209  4.37632889  3.589648645  21.22346817  36.35312737  72.12189067  18.87298974  
10.13630286  0.3099977289  3.277592995  1.110734364  6.145592978  23.74513164  9.987773939  24.72746766  221.0657931  
1.6111086  1.386611154  13.51367136  4.606529484  8.380731901  28.44524232  68.1247046  108.9048523  1.086258323  
0.7955900462  4.091574349  6.586482254  2.688801186  3.08304961  1.290155771  18.43371754  7.462937607  16.21491894  
0.6539219406  4.641324398  0.6380734425  1.692619926  8.259896161  10.54582963  3.440865526  57.01060335  11.41300227  
2.946018146  11.02260309  3.718441502  1.992529592  10.84113139  3.138946155  33.26430225  16.33015913  152.0560944  
10.07623598  2.914905056  3.720418403  19.67060624  18.26296033  1.533426985  21.02539919  66.01958163  7.764805883  
20.44398136  9.969172435  5.76971711  1.099411255  0.375450776  0.5741743505  5.502897784  22.21869509  88.32896349  
4.005990283  0.4861277274  5.560098759  4.069957425  2.591341689  2.319633694  0.4079599436  35.59821689  150.7082743  
3.684214821  8.990400917  5.416828522  22.36394406  5.241165924  29.57364335  3.014940886  18.0901804  113.3308942  
13.71712966  2.376297334  0.9144997067  4.293109821  2.638607764  2.782398288  2.490732188  48.70825707  44.83696846  
12.1748515  12.54694704  1.687769661  65.99588908  5.245674359  16.87292051  23.90053951  59.36251494  242.4911325  
3.9210044  2.479901594  18.05273846  0.210061474  4.910660283  1.949646508  67.98338663  65.69897754  155.1357616  
8.902999101  2.002500477  1.53369398  24.26051763  0.9750082758  3.655182231  18.6038126  174.0554042  11.4571011  
1.614544002  4.588937781  1.293658493  0.1934824054  1.612183123  4.604136991  15.19402028  12.08141773  20.81539541  
0.9769519825  13.15728507  6.432269039  1.070594311  36.28723107  5.093062655  25.24483641  4.86326555  226.9807459  
2.197449897  3.18477861  9.31542328  2.766864546  22.28554654  6.343807157  29.47013953  95.41273771  149.2153114  
7.406627325  9.184757149  0.6125624341  3.435030438  17.45221135  13.47986793  6.720537182  36.11269155  24.22793771  
5.838746751  2.121134283  15.38389021  3.675818174  9.691997409  0.3965563094  13.71736138  4.951433314  55.72207909  
2.3763831  11.74434997  2.94815484  6.558382013  6.164088425  6.213154467  33.10890198  22.66519461  27.27894963  
0.2031789959  6.262103111  1.102264753  8.238235064  32.60829765  1.242368463  2.004051658  27.3540753  111.1479899  
4.961770164  0.9386454038  4.819475072  2.389017246  2.576860294  10.7665495  24.00493671  48.43902273  114.3491944  
6.769690742  0.6295453228  40.23717174  23.2759567  5.717044023  9.912723596  31.86070551  10.69468615  33.68594696  
4.87764365  6.189350338  6.385467856  8.847904077  16.41271913  12.30861507  6.721200152  0.8374502033  123.0160268  
0.600675734  3.518248422  9.14032566  5.250163636  18.631213  5.776140659  22.47749965  13.40865297  17.24094399  
1.30394217  1.154969299  2.101791401  0.7418316442  16.45091165  2.486441555  24.99211064  65.06330377  99.67107374  
0.04207967787  1.839234558  6.562771006  4.191929719  28.62354406  1.749425423  3.474543473  1.527980631  16.84868902  
0.7582961735  19.26427248  4.183383899  13.87655247  1.709527994  22.34455066  48.28235055  63.39720472  56.05993976  
2.166120809  5.197959997  12.53504942  8.490217775  0.3034568361  6.969936959  7.451379326  47.50621454  31.49904319  
4.955730965  2.835085712  0.368602019  12.64507732  2.083473381  15.25266253  13.14207875  7.264103686  58.69946362  
5.658877543  0.2074613258  4.813363884  3.032500738  14.0466574  3.333964171  77.82960139  152.908717  27.6080977  
15.83312181  10.41098019  19.28730982  16.07383436  3.605941859  0.2232135455  22.75031886  13.90415241  14.73548083  
0.6572526989  5.2836127  1.760685757  7.743011694  18.07327205  1.368131294  8.8400228  249.8535096  69.58747132  
5.369969735  2.630158154  0.4939041097  0.4140271266  9.424275486  13.49022635  4.717415072  16.59321243  492.9027961  
2.800530735  4.33592213  7.985290475  2.508419993  0.04521155665  8.341500833  13.9028962  16.9143353  93.55216686  
1.08274562  3.271522343  4.758797195  25.98062938  10.6127484  17.25469841  16.13228459  12.21599169  55.05348379  
11.72081919  6.119271193  9.24358455  2.069155327  9.750449291  9.876743803  12.93870029  41.30021516  155.9945745  
3.591137411  1.904825559  16.90040013  10.27370147  0.05458607034  5.721790848  24.20630793  5.123149807  26.3661573  
0.6214571816  2.225815002  5.835512408  11.59024818  14.00459307  15.69924274  13.19091076  33.51322174  107.6711759  
1.119480809  1.239019972  0.1283129675  17.73107438  4.220142272  11.45931966  5.681237946  41.47034218  12.04138899  
3.162095161  2.146587788  0.7483762093  1.515667659  18.63119254  3.621821832  15.80008352  33.04728192  272.5251623  
3.787075159  1.390966881  24.80252344  4.264219813  1.92020647  14.67454293  68.94823128  26.19479539  111.9490242  
1.516707724  0.9205265716  0.124586298  9.751612  15.72284339  1.863151215  2.125184813  26.76777737  159.8484698  
19.76758069  5.519642135  2.853474232  4.513925117  1.887267618  0.4443520579  14.81570273  64.75252456  89.53263549  
1.07976834  6.939586371  9.261878946  5.331954644  0.04793253739  8.677259501  16.21935505  111.0661757  31.61927216  
2.728768499  1.039938846  0.9993946413  2.60137979  16.90759987  0.98560807  20.00477373  39.11274828  127.2423701  
7.022580212  2.910342893  6.255498635  7.923145384  16.87900293  23.67546933  56.77225742  30.54503392  26.514943  
8.71462915  9.872509879  13.68934228  15.89415926  2.306685204  43.08696687  9.5505343  24.80459207  71.88317199  
1.124954243  6.363991723  8.447816687  9.011053419  1.469635511  10.77344311  33.86730566  7.058042813  38.54438943  
3.521406707  4.688804895  0.6334500064  6.75536376  0.6629540672  0.9777333552  2.158960861  83.33565795  15.57862761  
23.9103597  2.808111115  14.87770274  9.420324383  2.070914492  12.97912818  4.220286307  34.84458706  24.7713503  
4.195576983  1.384033997  1.280573788  5.624052762  7.838342674  11.82172149  16.03541142  39.71712517  147.8208426  
13.11555004  11.13900306  3.285946953  1.085158207  13.10251441  2.123113655  29.71757517  0.3186665423  148.4215872  
9.491812221  8.016248339  3.892438586  2.918600809  16.61961143  0.3122183736  5.893928844  89.36999552  95.43886408  
5.334051263  6.983730579  11.70725789  0.711551167  10.82374279  14.02707108  12.33475577  7.54408588  25.7264414  
4.007832428  0.2583344026  1.095935102  0.3240254572  2.207909734  8.214752345  12.92716757  59.01355184  22.28166809  
22.27777484  5.6366027  8.703495412  0.4690262491  8.189211722  5.232624146  16.98061956  0.5479193859  83.26100237  
3.62581527  8.228812467  7.146704509  12.80139665  0.5471785847  23.30833897  24.63669998  18.01170555  7.452430886  
1.842617279  5.16264517  5.129342998  2.520920962  2.933561128  1.216603906  41.70303909  155.5429489  69.30941594  
2.802521075  13.77287287  1.182714923  3.421211682  15.75036839  23.16905959  23.59834315  43.94899934  2.161720087  
0.1212286853  1.678522435  14.53786912  17.01195241  1.229272205  12.92782119  95.16073045  1.604766824  12.28744194  
1.487760722  0.8773848613  4.619095094  3.072478392  20.03671475  33.68757054  12.08806422  20.77962796  179.8598119  
3.271869557  4.725091833  11.83752516  10.07697765  12.32519323  20.95368673  11.54782133  10.24377577  58.06867575  
0.3952657096  13.74696918  16.71391418  15.00095228  15.65936361  15.29480912  2.613629378  29.92458946  24.97220955  
1.729993782  6.331514058  12.43218315  3.275451357  4.425529651  3.619030379  16.187646  2.562578633  66.81495295  
9.589586043  18.69734794  3.317425432  21.24369794  21.89078746  7.987752977  6.701177468  53.43296658  19.48433298  
10.49519437  1.364714587  2.933764786  9.075925478  31.28335753  8.202928916  8.827544093  19.42548741  200.6362924  
1.019565729  0.1117066568  3.035428335  12.5013522  13.76124547  2.125884904  2.580560884  10.02885491  7.249045414  
9.593757128  4.742217304  3.370388529  2.52742208  5.017104112  0.4434083842  28.41552738  0.9194504672  28.55831348  
1.034221931  2.985617875  1.916344614  8.831200579  1.917525086  1.398089243  14.05006323  56.49321864  41.29715505  
5.222148818  7.25999736  8.004312549  6.56354723  0.1157646185  4.152123583  23.01854722  28.49108453  15.93279145  
4.72098887  1.321855022  14.34902453  11.86478025  2.807958821  12.06129173  22.40321652  73.25387027  19.582926  
7.782564898  2.536882278  6.289873314  17.12188779  14.54990615  2.845778498  46.39953972  42.6555318  27.15445517  
21.34437677  5.605013873  1.632709682  7.498648152  10.13204744  2.965086552  7.010300731  75.33934355  10.8439314  
5.632040764  8.362700202  0.1172421521  14.86736804  3.383717825  12.12692281  36.91279279  71.78787054  164.6039957  
9.182870432  0.6071809091  6.079123897  5.081567176  23.14153139  13.37882361  10.35468959  31.64924379  173.2124488  
1.465497416  0.8090404424  0.5681633714  1.980200034  0.481487129  9.237189896  44.73848605  29.80901558  81.53916011  
6.235451121  5.787025654  1.747179506  1.869895702  1.123295097  4.449488495  15.09258999  32.34593238  52.79361143  
6.483180891  3.27303203  10.29630036  3.136271849  9.587217597  3.309234501  5.373495784  53.42921618  75.37864887  
0.2822649448  15.81490955  0.3623603863  16.75099316  0.6196268387  14.14114904  0.4387513994  0.461609402  28.8219655  
2.104286981  5.310828138  10.92540246  6.560100231  5.136040562  9.120262154  53.24941647  27.51804236  111.5452496  
3.341889357  13.06120823  6.020045704  5.284492308  3.723438929  5.35150577  12.85368669  65.67294495  37.88319887  
0.8469246328  9.984907847  9.394153108  0.5214188734  25.45544198  24.76909957  13.77881628  3.553251104  25.58509115  
10.1372059  9.75938605  1.423153426  6.341666544  0.9400804204  7.016181674  17.43321119  47.30455572  59.20551893  
4.504260343  24.16500655  3.285324486  3.865241054  8.142658911  9.363796823  9.283323179  4.864018016  26.71333427  
5.235814929  9.150627248  1.908353443  6.152838238  6.608520561  1.824821225  42.10875789  26.57305779  354.9822109  
1.454073552  4.416880768  3.297044471  0.847488221  10.09417802  10.69243592  18.86574024  70.05677803  114.4398766  
2.405314712  10.70214213  22.42042279  17.10825207  1.094827551  10.35336332  26.25281426  44.83232646  6.596195865  
1.025725577  3.250895094  23.74568087  17.75193224  0.9868979577  3.729776164  4.364094271  15.88840513  130.9158761  
5.339495606  3.964092466  3.31957484  8.668472982  12.18287313  0.6487361628  0.5154245614  3.725771541  18.61805834  
0.003691061936  19.02956792  1.228697701  10.18095825  17.43914508  27.8905671  5.935995193  44.30878553  83.74095815  
20.09924016  0.3427658455  2.007567418  1.150127293  3.941991906  2.645698695  13.11003005  4.329025958  31.32905061  
9.509329871  0.07081840892  2.17004299  0.3608403441  5.329259259  17.23198874  48.58860458  56.4425174  152.3047972  
1.237483363  1.819855257  4.625739776  12.57903663  12.44601084  2.082622255  29.91934787  4.355821833  197.548235  
12.32213822  3.874241213  1.894985965  7.113029478  3.784356932  7.787792236  33.44114625  34.19145692  6.683108263  
2.728315756  5.795125031  6.967507588  2.007505285  4.479601732  13.24684775  18.47908842  80.01653827  170.4291055  
10.6487409  0.5241548355  8.835941392  8.836809645  2.175978076  3.843036404  6.658405932  22.46059456  13.09015569  
1.907882659  18.92414362  0.6988315408  3.942519807  11.99906188  0.871269218  2.674213427  9.850708895  55.90013458  
1.286489263  9.355672844  10.96340102  2.818819778  21.40469435  17.92834354  3.216225005  25.58161979  405.9562055  
7.133008916  0.02561787927  1.05884012  8.493421991  7.395640252  19.70049226  5.73132784  31.58905434  145.9726402  
0.1945591768  3.391451256  2.014138307  0.2352448743  2.524490792  9.298006175  2.292276746  102.369023  40.44685402  
2.496415559  0.5599274872  2.285998788  1.781212837  1.973563756  0.6650115222  23.1147732  35.93644354  4.975151892  
6.242240805  3.881095636  0.8250224318  8.183240359  3.489745161  11.72449887  27.42656744  86.70617305  39.69860056  
2.040733811  1.918814105  1.830299104  9.638802769  6.272693531  9.41776326  8.586307082  9.418955364  34.62610314  
3.489107838  1.475766029  0.2972054215  9.567593086  5.31293978  2.323804422  6.875207672  5.162390774  0.06649351165  
2.084921195  4.870094733  3.297157633  7.697428515  0.2853207179  1.403721854  5.721451891  96.47296979  154.4261211  
6.875814129  2.766771442  4.231014707  14.42730611  34.66320917  15.98146465  16.11277526  16.51121545  21.31458688  
5.351763073  18.0311273  2.375440308  6.36144773  15.22527927  5.897527736  44.36835611  5.746320604  78.51095995  
0.4518474825  10.45080044  9.110122114  1.893237381  7.848314968  10.16462869  12.59216014  31.44916373  7.918449346  
10.57160229  18.17559035  5.762952497  11.53705688  19.97551084  3.899593324  16.13913255  18.75276977  26.52350379  
5.222122792  8.772382455  23.97022448  16.73379405  17.43760126  22.50026123  23.4218318  8.851698703  223.812939  
2.179699271  14.19798777  3.850370277  10.80419657  15.10535921  29.11943883  2.736020814  82.34232717  111.6353279  
6.73899104  0.6135522392  1.834797765  7.61236755  17.94627431  17.50816749  36.78495063  10.84019842  9.036568508  
18.81510588  7.262589066  4.975119099  2.161375602  25.03792518  5.640191328  14.70741301  40.08870184  16.91682349  
15.61644152  0.1326833135  1.050004264  0.2859781012  2.425037045  9.080012869  7.327125235  36.27450655  47.66937699  
1.612044908  6.739356677  3.088661888  18.40220027  3.985013465  3.154399033  20.62337182  22.17945266  106.5394971  
0.4878921854  9.545907315  4.386053736  4.828829299  6.716270732  41.9950046  18.43150382  77.80973585  79.62567004  
0.7097110837  1.558160233  15.55031577  13.09946221  31.28243693  0.5724205957  39.38941562  16.9279542  95.13700925  
5.963789897  8.268656909  0.3861307324  4.494264043  0.7128836349  6.230545234  1.696734282  0.906869972  27.74111243  
0.1701481895  9.032967833  0.3972799127  2.654707069  9.078722975  12.48343751  21.90343278  22.63814523  32.11512302  
4.061895543  9.703715629  1.668478373  6.554360346  2.364940749  0.9854616098  26.0645949  2.531908305  102.9069229  
2.129053108  3.299788078  4.581290223  1.818516616  9.924855119  7.761965236  27.69170225  14.82081471  78.54077338  
0.02218961149  1.957399757  3.187903416  13.6633287  1.642182087  6.534947652  17.21846434  3.832833689  103.3957901  
7.718397448  2.833291919  5.188540859  8.07335119  5.100838696  4.711430855  10.41404  11.81798293  15.61893194  
7.076627804  12.23757216  2.545212858  7.600801356  9.663604132  14.64972954  16.56280328  2.404056924  211.5945307  
2.709112439  6.109045265  4.881322382  7.226394045  2.591895974  1.788209234  28.6543415  23.57748841  115.9490636  
13.23795484  1.762762079  12.0705926  4.188939179  15.96467387  3.889926629  2.721545001  105.3501142  72.00314118  
3.029901124  2.831815803  0.6175004052  0.2987399562  37.94527545  9.759567172  9.128487769  5.210845599  0.3790428171  
13.78304156  2.541981225  3.75471513  6.585310192  7.318018779  2.247172136  5.424178189  12.93179959  66.21582392  
2.264892105  7.408280959  9.627053748  4.509462521  21.51397642  1.122250828  10.94320896  4.119285263  306.2177121  
3.126455676  1.202154152  6.245427269  20.81928254  3.305627279  14.03538144  47.05427681  9.109526213  227.0805805  
1.772198349  5.019683799  6.19747698  0.4168522475  7.933634998  4.664439895  2.885748144  20.82849939  9.736403282  
13.54432691  6.916882624  3.130462763  2.162863536  2.584108308  9.329294874  37.57569507  18.22496073  44.37268839  
3.031807499  0.840466813  4.652503032  5.044993584  2.227054232  0.1820642121  17.46325978  3.263109964  68.46995894  
1.856042838  83.89831078  5.70385156  9.680771123  11.19635064  15.06801843  12.48433623  17.8646144  19.56097882  
2.827792027  18.68190245  0.6846066617  11.05909176  2.618976313  10.45000773  1.75386148  5.771906274  5.147298867  
0.4680053269  2.544884747  5.546162335  0.9516355549  13.31982974  8.85878586  1.168687587  1.154491488  143.203767  
2.660467256  5.785199014  19.56683784  2.39558305  8.227518973  16.89064441  0.3497548357  0.7014349232  11.48378662  
1.66336414  7.196641858  0.3383705593  18.59506504  11.16722246  2.05426665  5.67396169  152.7203292  22.52593635  
11.28623235  1.49099927  6.810546678  11.94670286  0.02700443454  3.51752284  12.72978812  31.77452099  99.93239026  
6.001809084  14.51772865  13.81317257  10.96587911  3.16390627  12.46228524  54.07506643  74.13468932  53.48012997  
6.449096321  7.350683358  10.92743704  9.127477688  0.8199168892  3.099622348  2.827785573  8.446739121  27.22529994  
2.890264988  11.25973845  25.52361876  2.157436686  4.510603317  1.56729765  5.747526529  21.13653944  47.01315904  
0.3649648716  6.023146137  6.825527794  0.1958288707  7.833148123  12.20758037  33.27417533  64.10534839  52.42936795  
3.846717373  5.274213469  5.487857475  19.6828085  0.718487068  5.7760105  4.997028605  33.13390572  77.25887464  
3.408397409  0.01516736777  8.404585785  0.009481773899  0.2376383523  2.838712031  19.35829001  131.5214315  57.55867084  
4.682567905  11.47470036  7.571760007  0.07731525922  35.11831683  3.750385378  20.70700148  14.18857649  18.53437087  
5.740804919  8.115289756  4.975386585  7.696359904  2.694453323  5.890250289  7.044474455  32.56118246  5.933440072  
2.339677622  1.842683185  3.887582323  0.3745769119  11.11976419  3.347068515  13.54114538  24.28660691  19.55680828  
9.026055778  2.732557669  1.111153882  23.03227561  1.565006775  8.511110178  16.12304496  31.74948773  220.0822398  
12.38593496  14.46464695  7.792389522  26.00942095  9.138255489  4.808497076  2.188850055  7.667462631  62.28539055  
3.217902162  2.684103628  10.11689102  14.67720553  3.599041799  3.922350155  13.20934021  13.27127687  55.59632106  
2.993775578  4.142279533  1.007786828  9.186965934  16.05987648  6.910072889  13.09650152  8.198527656  64.81553176  
6.023199528  7.93165221  3.516463514  16.90033748  1.240285055  18.33853625  34.66353393  57.69915023  53.11560695  
2.522495845  2.549341866  4.178974071  3.897871972  0.06959536632  9.720984417  9.959305653  1.606753243  6.683922239  
6.712008944  8.620171362  22.73613049  4.966444938  10.16603712  11.8711513  23.22300267  17.81489722  88.69755157  
0.9725706899  8.169331997  0.2033652754  1.087000102  11.64802355  4.763671331  12.23398523  43.2088403  122.511515  
5.106209035  4.111260559  0.1757669918  9.27482162  3.579534109  25.20183028  19.38971377  5.733787014  177.7955281  
2.2812252  4.947418091  14.88697283  1.165622972  8.016437015  8.979037517  6.679193687  20.15027937  13.53886562  
16.85062232  1.61597919  2.399895095  0.9384168767  11.94494924  17.52702671  2.132556555  0.3989498659  146.86668  
0.5472758941  5.848447967  0.6966567435  1.450819575  19.49826204  26.64129119  1.535013237  11.69287189  184.2476317  
1.744041343  5.271864326  17.37589033  6.177775412  6.655910637  1.328158173  5.076991399  83.37504179  149.3250253  
5.312037663  4.009406494  2.092525549  9.957413797  5.568411937  1.357431999  6.729107439  72.28414856  23.94638102  
25.5401911  13.76547296  4.758993641  1.854861909  5.614422805  0.9098134186  37.425682  7.039068358  305.6653485  
7.592850107  7.457077966  15.03820414  4.805069015  8.207934653  5.645967244  4.991513548  1.614695912  71.64817533  
1.292539285  2.323235005  0.4872798211  9.60622406  11.1212882  17.86207344  4.406966051  11.71319604  14.47175957  
1.246767443  11.80646958  1.59589097  4.2092051  6.159541495  0.6853650407  8.60156505  3.584216753  65.43451227  
18.01522966  1.382720081  3.579834138  1.974247055  0.667603128  20.10050351  14.88558734  10.85916652  129.5977258  
7.024252403  1.344073635  0.9966322433  0.9378041084  9.462250836  15.25681325  5.392077957  86.07031648  83.53605355  
14.0416599  10.90773147  0.2596572599  4.542654731  0.3327564645  1.12130825  3.587220484  0.7893760907  21.20271804  
3.588526848  2.255353762  4.087870353  0.1191274534  11.04329965  24.55246591  33.53839683  93.7146986  305.9611095  
1.668160031  5.402988154  4.95064323  5.893125224  3.854872017  3.229389241  33.96699983  86.63071933  147.0207341  
0.5537050924  3.424254413  9.703263682  2.813851121  8.894918949  1.645380864  73.46081406  94.42237655  54.1854557  
8.412275139  0.2865240651  21.48815705  2.679223816  17.1757777  4.468528092  3.433324955  23.10793106  96.13353937  
1.427315458  13.36921844  20.67752349  8.713810733  7.725482108  25.90089092  19.54983491  105.0608106  5.598916197  
8.309819457  6.046397333  14.9278131  33.88768251  3.546435667  14.00399695  13.6297283  12.81729518  110.1623686  
26.55903069  2.644147963  14.01470551  7.649618795  33.96400313  13.80780851  44.18398349  46.47864276  174.6716776  
15.07338406  13.94878974  1.541888307  1.640553362  16.29297046  17.76452957  32.87161288  101.8521034  116.8624058  
13.74466504  6.119227229  9.701811487  10.68670836  2.973786961  6.499003532  26.85250122  0.9276621613  4.664445718  
8.364808095  24.79774847  20.56937063  14.18240946  17.2247774  13.91930656  24.3134209  3.258561254  84.81933787  
6.775128157  2.751189363  8.518501711  5.887103785  9.586836714  20.04666246  13.90802071  10.30797548  28.6353634  
2.113295118  4.008175878  5.415441792  8.91202393  2.119711782  1.40520572  4.73060063  16.84456664  43.79645747  
2.092897149  3.399840315  22.0956387  12.63005217  11.53395803  8.153055925  0.8083509503  30.6928259  78.33369223  
4.121004219  1.903357911  16.57367892  3.145660506  1.751397373  6.417796073  23.96796347  49.1745328  226.9013671  
9.786740753  18.78506122  4.256347909  3.449579587  4.18426492  1.434613486  3.488814243  47.99713331  81.69671333  
0.2865390633  3.71112775  9.350149877  8.73629413  10.04234713  9.211639463  14.88528071  9.340258517  10.23416025  
3.712450891  1.422935808  2.496606316  0.9447508607  13.26277901  23.51613475  9.421497732  30.82533556  3.575272048  
11.83923132  9.805842795  1.645880527  0.7694308253  5.962095427  6.748830777  1.790391453  14.58695393  152.143063  
17.11722008  24.10223473  12.47890125  24.01997825  2.38365405  2.046916828  5.574104957  14.80558094  14.98366552  
0.4062020041  0.1549974454  1.122327897  3.219003543  3.391960334  10.35085593  1.515359098  67.0163233  25.67263853  
0.9211235153  0.829027248  1.533732241  0.5078450299  27.72954798  54.48971066  2.55505973  24.07406349  110.2003783  
13.62980168  1.619555929  11.65047061  4.096188808  1.762279991  0.9736411584  47.00423751  70.12317069  74.84848558  
6.921879757  6.564006902  19.6479619  4.366296616  4.945842411  1.631572682  15.63154252  36.92644437  202.3506099  
2.604485979  8.594196721  2.604376115  9.808820666  4.934605606  2.800516302  11.00191571  2.469470602  336.6177223  
5.942606219  5.650216791  2.147804672  0.3339873097  0.6360772658  13.59364188  15.61863029  22.78794364  29.38141359  
6.7127214  5.045064002  6.999790718  20.16432723  18.08940555  14.36036684  15.81729899  205.2874928  207.9146464  
0.1398048159  16.13090277  1.180120174  0.8457619785  14.79952019  3.230486214  32.19834645  15.29073307  239.5594116  
2.43225662  3.723779488  13.42586785  6.951069986  14.61996177  9.632687142  11.10586557  31.45274811  28.73695814  
3.081503855  7.952355254  0.1702846271  0.7053419196  3.095175708  8.608631558  29.42232976  2.965413485  65.142516  
10.99815622  2.252267603  1.107943079  9.976643508  17.22940685  9.130323529  16.22608626  6.037811845  69.94021613  
7.035919794  0.03951646243  3.806533771  5.046565706  7.506923176  7.014278115  6.632135205  47.37807338  11.95415698  
10.95637801  6.09978936  5.789805499  29.65850775  10.75714393  4.214925393  2.823646488  4.586472311  44.86985392  
18.70483767  4.367501516  1.519628968  8.438592995  3.655268093  27.42811195  5.346806506  2.617770335  84.31404556  
7.331575025  18.05769123  0.2459026625  5.704557319  1.556682965  0.7649282406  12.7708921  18.41396601  5.948283645  
6.421836289  11.16048477  20.06295757  4.580466761  2.445427931  7.641881547  61.43748577  13.56666306  79.42425949  
1.925797997  4.532620547  9.976701043  19.45641918  8.172850194  4.394817873  12.3540612  31.66383315  8.041395804  
0.0310904511  5.764187866  3.549691272  14.91367645  12.65294884  5.087937575  2.092349811  28.53149706  54.19066017  
2.459131812  10.01421477  19.79356121  11.4002802  10.25706601  6.385738118  18.6047076  68.05052188  32.57579696  
9.310744708  2.80737064  5.512112007  0.4916325338  7.233313102  4.341545619  7.565168459  66.21650662  97.75910186  
2.328934278  0.2736061441  1.888208907  6.001164751  6.028086407  0.1850431829  0.7501193993  45.29007871  32.10993167  
2.194721874  7.063231995  9.206044002  5.53407586  14.1963832  3.46787315  18.4110573  47.3836603  57.00645404  
2.907750973  0.1032460042  0.9520959885  0.0593441798  8.27625574  11.00638437  20.11840454  93.20978807  2.914556038  
0.5998705262  4.141830834  0.1101844407  0.07491502982  29.50757446  8.137723983  10.67131615  7.855760209  1.791715  
2.577555357  1.356592471  9.968838713  7.65274398  2.274166295  33.62665392  4.833731028  30.41803131  191.4530561  
2.907073182  7.063739321  0.1931374349  2.409372317  3.376979875  3.719502345  22.04155439  10.62127081  253.1712543  
1.936661758  7.781753737  5.435877741  22.30853796  1.212691706  9.702767998  40.63132621  64.45154963  37.35684939  
0.4022108806  5.845503904  16.25795147  7.789022885  17.45450587  15.47888302  5.041559719  13.89787887  65.74907448  
0.01518848347  0.005306639062  0.6294997197  5.615661565  37.40067307  7.702074486  3.151189604  2.734892175  112.2793176  
