15990.30202  7669.815481  12190.16339  122.8599773  8962.982983  9553.485803  445.8311667  6580.160798  4678.606208  
10524.08173  5743.335492  7834.663373  5541.366342  5070.717477  3715.732561  7621.80919  8076.326624  2100.179202  
4173.172208  79.52231921  2527.872743  3417.221506  556.945143  2859.881939  6570.365947  4758.562747  1051.388455  
1993.236347  208.1353712  498.1080286  2453.320052  1936.255882  3157.937825  3298.393349  6117.080936  2825.529922  
120.9888782  191.7617278  207.5500879  203.2499877  1338.64426  339.4693111  208.2253814  1615.921233  959.4631214  
679.611835  388.2928137  46.53509528  1373.831806  2441.607924  739.8867263  745.1560163  1839.863432  2380.116352  
1115.205782  2788.313573  541.0756283  2008.448082  646.3122742  245.7629059  268.5957994  770.5970296  739.7392337  
833.5568432  804.6783613  26.24722137  566.2506021  905.1346971  11.90266743  1687.076556  2419.957646  1645.792812  
1649.734659  205.5174218  336.0646537  2311.503574  1091.643668  237.2245682  649.3739364  680.5610038  2202.550881  
2970.002211  394.881024  827.0617744  1250.604374  1103.106208  2372.561246  1126.528919  1527.157747  1350.430454  
457.8954252  60.88137884  2451.438977  453.5314775  1185.92766  11.1415276  1385.494777  95.58979786  158.390996  
387.5805439  190.0826016  2036.850035  558.786151  309.90431  377.275858  1921.33418  605.8933069  150.0024805  
93.57096409  101.5205533  1527.100122  1059.927553  1854.164295  255.855192  749.2268498  275.8919879  725.4233208  
276.5781529  470.7640119  31.69395044  724.0812017  26.04839715  134.0071173  404.4632986  395.716054  435.299139  
80.12457512  1390.95892  56.91038292  754.337808  1366.247217  65.04866321  198.7036801  831.388022  136.334089  
250.5199942  131.3819885  207.3070058  439.0217306  489.7044015  124.6901503  1039.920865  37.06010739  873.6790324  
711.7648523  117.685215  98.98892189  1449.977967  1416.110091  160.154768  16.42595462  151.5733303  677.5563312  
671.6886694  1529.862564  724.1723159  907.7195187  44.29783368  218.3203231  244.8148547  949.7369552  748.262926  
120.7085288  2226.109544  240.4200493  652.0368275  362.2416351  494.4277777  554.9001917  34.86399262  0.4956322014  
202.2137775  41.12950478  987.9863819  852.7893695  14.92319795  402.3639237  30.15945469  577.4004997  542.4398389  
355.3081038  477.7963525  529.5554547  346.6553766  1160.456153  280.5022655  584.0375915  306.0637576  174.3664052  
38.36403108  414.5843224  68.02304363  1026.258302  62.80831214  321.909688  107.0034391  375.7862351  685.8673906  
747.0884358  368.6227445  756.8182933  146.8934262  109.5188103  184.9996728  723.8456471  2109.968479  264.4453699  
741.1683368  152.7465282  51.09178076  224.0602985  2386.243334  169.0026774  240.552907  522.6496363  951.5918844  
212.1883772  709.7118343  747.7667638  671.4195541  1173.92839  2248.663571  558.379641  855.9293354  1833.641369  
1313.497764  2961.806782  2889.020195  1266.998919  422.6469984  908.8217503  708.1559417  889.5449317  320.5322959  
361.5147875  148.8606333  192.4957525  555.2338499  36.02684952  854.7563034  38.99281258  147.8232486  16.24797521  
77.02885364  167.2101946  114.8689822  27.00565411  110.3714854  132.8639023  202.3352114  370.9160358  138.3648689  
784.4935379  204.0385251  701.9283849  81.89601403  826.7977978  95.65307809  780.9311327  660.7174453  128.9881932  
391.2615404  585.0946956  206.498733  409.6192497  655.0611894  32.50612413  457.5432821  1873.552059  351.9036712  
601.1352374  539.9284537  174.0477689  139.1836753  372.1880976  355.0683107  267.0428204  449.5779633  850.8912106  
5.921839561  100.1486578  312.7229434  152.4092457  37.1018808  561.8638912  978.1637116  410.0726314  590.1252166  
437.7569733  505.4319983  317.6525867  93.29413501  703.4018055  444.2306721  82.10916251  238.7931169  298.7995494  
389.5239428  102.1562668  15.80073814  106.9020822  0.07624660862  204.3233528  342.805802  18.98893304  12.32602881  
58.92278635  717.4736399  138.906898  36.5731931  250.7601565  310.8286609  236.3077543  42.89178843  136.0823552  
756.7875715  174.2782341  131.8923303  937.5402897  501.9337305  1009.24869  172.0482143  62.45314457  703.0949588  
32.44371329  1409.765024  503.1409631  121.3110056  581.426398  93.40892768  408.903354  1285.986433  470.8348202  
835.8164297  744.2280959  674.277961  535.7812504  2108.698345  548.8187561  207.0861981  91.2212713  2454.742651  
950.8262905  1103.844368  152.010546  1215.865624  362.5599462  492.5387234  270.4606249  115.8674351  20.49585978  
24.77577548  9.984915002  227.6003638  47.11658043  277.8108766  598.0948226  354.8988622  417.82396  786.0022988  
10.623012  1129.285083  190.9493996  82.00006863  493.0366077  94.27225784  172.8560913  563.3886462  232.0322793  
438.7464313  281.3817268  485.948951  72.55188887  1702.694572  227.9984812  227.226058  51.92959174  802.9268033  
818.8614365  483.8358048  831.9100103  691.0381411  9.841797021  701.549862  1510.197398  1619.336253  1583.053404  
764.256989  337.0243203  19.4482552  269.3488094  46.71470723  819.7392389  1235.554561  164.852945  330.203593  
346.7011682  163.0980929  71.53495564  198.2061854  1582.970956  961.7664034  110.7747512  55.44631247  313.0977815  
976.3668462  503.1158742  184.940226  710.8381338  764.6639251  315.3610159  60.11986877  304.2753847  264.9415269  
146.7654667  547.6185394  461.4711211  235.164905  112.9416242  736.9835565  70.36437765  26.25099694  1042.31933  
277.4474736  253.9397681  240.4257053  1143.021849  509.2348928  377.811134  292.9490788  348.5743967  668.8704663  
264.7786058  499.4100789  658.1608551  779.228727  1023.806966  125.2934078  249.1622075  533.0394544  110.0246625  
737.9953824  1155.555734  1834.31739  1495.511595  28.60757249  2494.559971  410.5982298  408.0548808  365.259454  
305.5248678  185.8551724  88.95137581  15.05794464  624.444746  108.2706495  54.53979799  37.74344722  550.1798766  
58.44715599  236.0944803  757.2948544  506.14294  247.9230633  360.4136454  2254.550256  460.9785542  51.224168  
597.3535132  224.5148184  86.95538005  642.9852723  78.3109287  85.40906994  179.9313206  291.2194166  136.2318958  
456.0168671  318.8576017  142.2490823  54.01805693  438.2192228  285.7734571  601.0455339  198.9278122  67.42586142  
1002.942788  1368.637161  2973.52244  507.651753  474.100345  36.8567145  32.56095754  561.7969528  340.6603795  
430.7816091  172.546356  266.3970668  165.935721  582.0771135  1380.140679  286.2024415  271.1432681  15.55142145  
292.879012  1068.527054  208.5583618  147.6827959  133.2006741  425.2762374  413.4074549  302.1456409  610.1859676  
1352.956385  290.5101384  833.0129809  1544.238476  1252.334258  1878.202462  1690.699023  537.7903278  17.32072548  
306.9461923  266.4557366  232.7484035  128.2424674  687.5085468  64.18426276  583.8496064  562.0029822  443.3155442  
70.0696903  264.6836499  38.50620756  244.0682757  876.3708491  298.1548234  1260.207744  452.5418582  656.4550883  
390.4530309  510.6190054  534.58508  45.02808007  340.010445  540.7733602  554.8000203  46.21608881  256.6073342  
114.3184385  110.9857464  173.7954897  1223.662039  352.4074952  396.0442431  669.3567447  479.5788467  319.7285658  
83.0023234  31.71613578  221.9027881  957.1201085  55.97855102  656.7755628  73.35527869  100.7599832  239.3062951  
119.365884  524.5677839  312.220059  70.94273212  1151.098898  11.12604685  292.7559156  1020.208234  328.9066295  
868.1988453  1106.317719  625.2356712  1100.310261  177.165637  210.8687312  392.3405581  367.7882906  64.18678205  
343.2331443  123.3387164  12.54401604  168.4019723  1232.401466  249.3431771  523.6294611  151.9378178  140.7654825  
42.45778378  750.3628075  1319.916034  213.9625593  191.518762  228.4935299  613.7497671  672.6425157  1332.710831  
647.0801525  1154.800071  466.7421035  1527.13667  1302.872755  631.4881627  997.3330803  75.29198213  142.3497752  
195.5801082  788.8172526  2217.95178  582.2436317  199.0322971  176.3996938  374.2707636  710.0732432  1186.670989  
175.8176695  43.69225483  342.8621298  14.64099542  3.065761465  96.85891425  137.3567959  464.3343015  363.8351776  
6.274298227  889.5569137  172.3085865  52.06508448  45.40287117  110.9529177  90.44589584  615.9138061  193.4515746  
556.1441872  155.1105542  1275.284501  776.5379068  713.7963052  865.8721135  712.1463498  1073.309844  313.1961082  
379.5268014  537.6266029  529.9730985  824.5216703  102.3642654  625.2319205  120.1752118  16.01833306  193.7505869  
130.7487309  735.2758112  988.9152643  1079.651993  99.93475795  87.65133192  136.8062635  484.8052437  23.37890979  
410.7405101  1128.603685  518.1268092  810.3753407  364.8878181  489.2006283  42.59795532  227.3686327  321.7666537  
427.5502561  1007.548934  706.4232118  201.96198  1235.614036  98.22050299  380.3401727  280.1978231  255.3959709  
482.3445887  308.1635315  208.6473526  207.1451799  14.6802165  0.1204285689  555.7992425  279.1366183  568.1496313  
1069.156875  1317.177911  181.5925755  1331.362291  199.474638  3819.858665  287.5283893  1184.802629  1490.957731  
906.5994684  392.8677438  2590.348954  350.6028322  167.8017454  883.7501365  1100.458673  1107.094154  371.9531246  
157.0004282  1190.272112  27.81169735  45.09550766  670.0004027  276.7332256  1396.955772  753.7582457  2597.389251  
48.19647321  236.9151388  361.1615667  131.0469843  70.32688123  198.6724043  228.0872373  167.6131601  257.8598611  
1415.78417  879.5421085  471.0070539  171.3177481  272.9695695  1010.566971  184.3585148  969.080285  712.7472367  
1282.393404  392.9466272  493.2555837  110.9273637  612.2233041  454.4692044  1163.709337  1951.010117  1015.756795  
151.7684438  424.3686347  656.3077811  193.5732363  817.0242152  58.6907601  480.4268634  15.77615536  248.3218248  
133.7444565  138.5810323  693.250624  901.6540216  44.32782398  330.6571406  518.9226574  383.0418517  133.2616593  
389.2622198  103.6386092  171.431355  498.6457056  464.6539171  414.6629484  339.5463148  119.8794902  520.2916923  
667.6855769  334.792282  93.09720952  67.0466563  309.4260933  366.8651228  350.2190545  510.5175982  2077.570675  
690.5923881  13.68038515  264.4049386  1218.559002  37.68664932  1185.67371  1091.008358  724.0359534  491.3489372  
110.1650055  92.8354095  717.7948654  968.4224866  253.0235001  530.3796328  2308.976037  295.1722059  72.34482764  
509.1596113  182.7184261  379.8959117  1783.473741  483.3809674  169.993643  1101.165686  140.1241287  20.03002283  
77.60985654  66.45934169  519.521456  6.210334761  1213.14699  14.7283886  689.479908  56.12295109  467.5890939  
836.0005707  2.440156921  287.750239  172.3847923  793.0664814  225.7366853  894.7843394  1571.995634  725.7204447  
74.87428614  295.389275  200.2858817  30.28273616  157.989027  153.6149961  93.96969031  271.1721336  430.9673194  
257.8223771  308.9367811  1221.891945  1457.428733  137.8633055  64.30320214  1898.119874  1292.223089  336.1323926  
130.9560932  541.7663712  562.4644801  208.1249489  372.6752849  581.10072  51.41293266  302.4904356  343.8087789  
115.8044671  435.5924889  479.0429778  148.2431798  787.7901528  532.4055517  166.3265607  292.5453598  161.3330924  
530.1269317  426.7505168  553.8839432  503.4041501  1249.76966  548.7088583  1894.786344  1067.667022  1786.273482  
53.62429699  211.7421115  1055.833819  405.4237716  27.7205425  1009.38786  37.09736442  447.5073567  285.7665697  
900.0955119  1066.467266  234.772615  50.23788457  789.28412  326.2920165  1125.558535  1460.510687  3604.04484  
2102.354642  1734.970965  1210.859278  1803.588109  1066.111309  1441.118335  937.4889853  71.49308535  1.043915728  
298.4841283  545.9016601  996.4825437  328.7650207  448.0867467  360.5975641  222.0525334  186.9239788  64.7732401  
114.6860202  171.8366428  324.146366  1019.493145  252.921699  1951.899984  370.9707998  196.0112613  170.9529674  
1379.80541  219.86527  312.945039  673.377927  383.6343878  379.9556565  7.138664325  1474.638382  153.5157269  
279.1832951  28.3700775  106.2751585  764.1425127  230.7973498  231.7191872  220.771643  271.4864176  431.8895561  
649.2941874  684.9594134  270.2795764  242.7011954  445.2349137  38.5821455  685.5727366  354.3399029  1210.819616  
114.1774273  350.2582016  170.3162237  54.18286508  455.9514918  1012.190024  75.43381636  121.5638115  165.9226596  
1113.314097  1629.221932  697.9056237  637.5414766  615.1684839  703.5347149  600.7326599  242.0466214  486.2685062  
316.1651493  385.3998205  2109.973561  978.7979485  482.5398615  1582.391551  927.0620206  248.8013913  272.3934956  
600.896013  1158.458352  240.456314  198.0447859  99.6734502  1381.694577  151.0174152  212.262177  222.5991238  
460.1003818  956.1612153  225.7316178  45.74705434  202.1488043  673.8641103  716.4447345  547.2412052  854.2438756  
23.38992269  1124.490164  1289.211803  454.3373207  162.3911916  469.5515457  110.8536613  685.6931731  518.8300192  
541.0129375  1233.382411  839.4450226  270.2882918  217.0702084  336.2618378  104.3826645  151.5323366  227.6893537  
20.32108942  493.1202721  1615.012825  333.6102549  1267.353127  401.1860746  564.3060928  424.3770349  143.3774767  
176.8402342  353.8262998  227.3006116  1294.530909  2023.591552  1734.867817  83.41785923  2.682988499  24.71107191  
181.7940733  290.5297029  902.4610605  267.5046438  69.43385601  213.2419791  880.4755505  186.2014777  76.14477282  
6.688232415  1048.780323  317.7230748  2.551750291  232.0921931  49.42946893  74.40884469  412.1752707  496.9650801  
37.97437844  551.4492751  225.1746953  308.077645  673.7051088  827.366967  596.1694638  77.86330994  425.0750611  
745.1689149  948.2221876  75.66873703  1280.877305  1241.025165  25.12791506  169.7566529  145.947788  72.94321267  
802.7721323  749.5393644  754.0031376  613.3485427  38.97441178  691.5997198  4.838889709  156.5356492  540.3423317  
886.4857903  12.48787139  326.539253  279.1347387  798.7193934  519.7233424  58.15143122  2637.224772  470.1330447  
88.05488583  335.6812071  179.8105194  313.9489194  859.8140356  372.7911028  250.8498551  74.46207533  122.4873041  
450.8166617  232.5063856  412.3052442  447.047204  25.17679202  59.45766336  83.06440746  161.5686073  371.9624698  
621.2032332  287.0546315  258.3255589  1014.376  408.427222  66.21678649  262.411986  64.32257032  88.3576459  
131.729779  83.65266722  930.5476994  256.2396414  386.8656462  639.3139558  175.3099624  160.2562283  372.0043243  
243.0994783  1278.741463  646.690971  358.9345861  811.4214728  483.8516123  1110.686019  2401.625281  418.1114986  
83.32109388  214.3343653  553.8984782  0.6644501388  1158.437822  591.0352943  531.3743754  370.7997665  610.9686455  
31.63239705  75.2334796  1907.364315  146.3638684  459.8573694  15.09374001  1883.835087  126.2848224  553.1425523  
942.2348428  367.3628627  532.6805555  662.7013852  1032.856623  687.3921685  1193.965019  1122.973886  84.41029637  
302.2945992  509.8386454  305.9733507  185.0416071  696.7684619  466.1694939  242.3046444  303.6872498  475.2441153  
201.715621  498.3033938  363.3454964  568.4027905  54.38178923  64.98439387  280.3324878  928.2349181  601.1139837  
307.4669865  128.0824886  345.8427702  27.5108069  71.2515509  519.0107849  469.8239683  1254.667359  95.12876451  
18.95996258  460.2327193  254.4504411  955.3465028  654.4604302  626.9150661  776.8582778  267.2590682  1203.408784  
714.0862482  1081.649564  965.8564992  391.882185  483.8152453  1636.619896  15.00555707  1076.609253  231.8564339  
32.70399217  143.6348885  152.2587101  57.44093511  170.8866797  438.8656244  28.27631849  482.750764  79.20452579  
302.8501369  55.05915009  30.50203736  84.15109082  420.5821677  143.4721843  938.9721379  7.329910118  110.203484  
174.3618027  709.1249461  466.3840732  74.28268073  139.5148801  657.4601475  142.9762333  242.5807125  428.3665478  
59.39868088  95.60057441  649.5517219  188.0470493  11.43239174  95.42412299  984.4722612  79.27444626  1193.789759  
156.8652348  229.6416565  611.0562432  762.694524  285.9732534  516.2101271  1402.570333  306.4313775  823.7425833  
189.429349  953.7961956  55.31833751  175.1152734  16.10352407  214.7599759  2077.007204  104.9769132  364.6171697  
73.09440924  1022.268299  230.4713721  107.1251362  114.0971088  444.6633562  707.4317124  48.2745377  650.5050828  
440.3949128  1328.511134  2313.627686  148.3850267  1362.755099  755.5889379  470.0799752  188.8077563  610.2697232  
1164.275129  225.8333801  1155.241012  104.0975289  558.1001056  617.1191853  105.5370198  1174.991704  948.4749007  
574.733188  536.0421786  462.393069  340.9999156  188.2659909  222.6153736  693.0290861  278.8845318  305.8824259  
164.7331723  663.4864552  58.68396145  169.2765978  552.5058104  211.9275201  500.1241613  512.7400532  67.69557765  
640.6283749  32.84016135  228.648683  133.2426142  379.5868568  600.8607582  429.9818128  1528.775185  419.2317908  
66.34465548  99.32517218  22.29232911  492.0012953  137.5039701  1165.177852  109.8491254  302.2463223  49.49066685  
899.8964775  93.10347197  938.7113496  1561.687935  525.1404867  72.49288473  328.8529004  205.1863881  764.6395189  
365.0085834  214.5927905  72.59326675  954.6775438  475.2656828  71.31490532  33.88963746  1099.672252  1035.85073  
178.9794816  219.2115995  184.9786382  445.8022309  636.1730492  87.81114391  313.9505299  340.6495583  965.537916  
271.3342005  659.5242035  160.5459428  13.88808291  626.4633232  769.0305606  978.7693127  336.4068715  160.9782752  
109.6071078  139.5772872  127.6874417  330.8359304  736.9608411  58.28821096  833.3994591  58.88504987  544.6756073  
1683.443066  2145.743793  60.81814501  1473.880448  15.93649602  1181.998139  739.581583  256.5937488  517.9195031  
207.2501588  1240.638457  1450.769139  443.7746453  977.7235417  153.4387548  429.0346589  69.23786902  646.845904  
14.87325164  364.8609904  172.9793014  1564.793604  25.55154782  359.344592  1449.869923  128.1595435  448.097668  
214.3214402  782.1238272  370.3936048  1615.182397  41.91429129  1629.220813  57.14088508  418.4355951  129.5976433  
78.85058317  169.7443614  6.641830564  100.6061826  45.12557044  389.4053378  257.2831777  423.174167  161.5085158  
311.0159812  856.965443  218.5187943  1401.283494  841.2472772  395.3710157  108.6211963  386.5564865  787.9406505  
45.91423745  96.44593885  1563.037876  122.424516  73.70371692  164.3859332  59.46737557  27.33625944  38.99076295  
770.9384342  1520.062065  700.1763047  469.5113937  209.7380382  58.29412518  1346.830268  394.7602259  375.6387022  
639.6512605  1032.583419  978.7026842  219.5411416  21.68037546  2377.545415  354.4593043  221.986003  30.95380997  
65.16710242  189.6615577  165.0979315  415.09  627.4993972  472.8788114  1006.083846  289.6327292  356.5534326  
1128.261507  108.2270524  364.6394459  1180.042439  17.30813922  462.8623786  2003.147322  1905.463502  577.7008342  
109.819737  189.3564217  221.9671925  452.3559351  155.7443784  257.6073349  371.6990594  33.55925527  368.5721853  
141.8980463  519.2715148  78.62895071  596.1961293  83.83283843  111.675952  144.2145659  345.9852142  697.7057415  
2074.462537  730.409822  305.9502598  771.0804098  524.7845361  2123.453462  623.572799  3571.229205  314.143282  
363.0852866  846.7208224  689.9094565  474.8571395  1448.034553  1044.385704  18.51327113  357.2407293  404.6113248  
438.7541151  700.139221  292.9329739  27.50673297  4.085198129  237.2745607  154.8996334  708.9172481  1119.001688  
35.40015235  340.1453557  152.8302711  35.72519047  279.952703  203.1285073  833.9097078  42.63470631  128.7160613  
155.3820403  1003.903478  153.0385401  579.8029062  1077.627092  121.0430577  154.2953382  781.8527284  853.287612  
74.8049838  319.8349467  374.2036396  100.3198129  243.0088332  619.5748618  52.184257  212.8422678  262.1953079  
18.73289649  61.11973048  429.3169336  51.3871023  10.99179217  340.0678717  24.6301699  42.9980487  15.96055143  
392.0544181  2192.184561  851.780927  425.2754158  268.1846728  0.9461176926  326.963947  21.18676308  779.5058266  
134.8414403  94.65561184  604.6503217  327.3746564  1300.674961  325.2331229  72.45728123  828.850628  547.5896546  
456.7551793  586.1915268  1048.036136  509.411651  21.51605979  73.56963357  919.2923294  404.6092527  104.5641218  
102.8612135  170.154036  238.4502744  295.7961517  554.8541534  77.43267194  305.5725122  420.0292851  670.7089104  
198.4695253  111.9038317  1165.155061  740.7103132  393.2704744  454.2988061  44.75210545  164.5488176  465.6758732  
1577.296854  1028.360834  26.14870551  946.9372931  1601.511325  231.3314663  346.9312411  279.3700398  334.3195128  
582.8782361  288.8877873  687.8725729  1949.218218  353.7464844  699.925903  544.5029188  1390.311033  1234.638512  
180.5576456  46.9655024  910.5666639  153.0593622  890.2791258  74.29831948  225.2513456  177.569714  546.4745646  
185.6284156  96.93470511  445.0617482  457.6219797  1307.397931  39.92293683  190.3145168  441.0412829  1117.521702  
289.1578939  127.9223662  708.9561717  306.7776338  97.29268587  260.4694104  230.2183069  685.915724  558.750743  
880.4838769  5.264807148  125.7299121  451.8521501  57.22810579  1550.282813  374.7048506  446.0540771  273.1552955  
759.282012  354.4916684  228.2875347  725.925577  2350.047565  436.2758202  180.8540865  745.7975897  168.7817404  
409.2717188  448.3998097  843.3325547  241.5914429  372.7303526  1575.363212  477.3617019  1228.309581  167.5834804  
81.89223308  135.7300817  15.34968049  424.2589196  120.9590916  116.9593597  73.98775394  205.3184561  480.1293254  
206.8816397  281.1162891  29.41097028  122.1732177  1615.707994  36.31338757  279.0519022  278.1343446  86.64879392  
527.567033  201.091144  886.8064526  332.6569284  40.39797919  145.5794996  1036.989998  185.3482174  343.7939231  
550.4807511  142.7970917  399.5748119  860.5378729  27.73280674  257.4164395  174.5508732  289.7451119  935.689913  
371.8715945  621.7141253  737.664078  301.2089961  27.71386113  579.7146449  412.5863623  166.886258  6.901831756  
60.07031366  49.34194651  180.683114  121.2267524  870.5639586  360.4936125  441.1523219  3.931274202  228.8264687  
875.0699171  734.5465812  915.5421803  667.7295805  430.0649545  1208.63356  1131.710019  152.2603325  248.4652748  
328.4747981  734.9952331  1293.205548  257.7751287  495.9358801  86.67517765  979.9632338  362.7059828  87.95104912  
126.5969519  2228.569978  102.4016778  3.620425602  124.1526483  503.2221036  151.3887311  67.10823411  1351.039558  
7.273243983  340.2670599  249.933299  119.5971883  721.2802925  0.988425308  243.0411434  202.3904373  1.81229406  
267.2415018  329.17419  60.12755947  377.7823525  460.6205095  865.8534423  564.4871792  75.11693668  39.34624512  
1907.811992  721.9013391  254.2702286  817.9624888  96.77708397  1155.995384  0.1786137485  1270.506827  345.2931002  
1086.890752  202.8261369  669.6827836  768.5200403  124.5015178  2887.167342  1662.822142  987.5131798  44.35212423  
61.73127221  11.87022976  2.730552869  224.4298501  361.4584134  204.7402629  273.0794462  22.60172685  944.8102336  
130.9562166  228.0383188  577.2317033  94.63449452  6.270042328  262.1055176  2309.144652  34.81907027  722.0645927  
439.6978978  265.1720538  60.6624525  100.0081298  40.54454559  388.5227941  580.7279998  215.7452097  27.75668446  
334.6388007  161.8798898  168.6220225  624.0848103  2075.193318  370.3030112  216.3420083  772.770025  471.7521098  
32.34635617  61.12988198  199.4670195  268.4034521  655.5425438  85.78704908  124.2168072  92.91320681  427.6314077  
491.407412  622.654441  216.2606237  589.8255981  62.39660026  703.2217  272.1931743  229.5341912  869.2242863  
20.71006211  126.4741536  51.00303595  433.1682376  980.7777097  94.11262675  27.23032114  165.5812037  299.415011  
315.738016  730.5540929  56.4827666  243.3184899  915.1578916  711.0658087  391.0146807  1744.709071  1173.875869  
725.1546368  44.75726461  45.21473712  1571.31892  49.90223727  199.7692865  176.1239645  660.7624661  924.156623  
733.0042801  275.5209647  397.6137691  204.0560554  504.6550282  130.7866602  3019.973808  388.3905788  757.174597  
162.8223283  27.20121049  113.2959211  325.347506  81.07843276  616.8898219  6.266080441  680.9512733  282.6870533  
298.8510345  50.07038784  110.1379283  1715.567953  29.92525647  421.3658336  69.63646842  1.33503818  723.8296113  
178.0732009  1138.053804  582.6415852  1378.306348  7.438669583  33.10738027  258.7742595  330.3671072  235.216428  
492.1017815  22.8642335  338.8871009  765.6086698  398.7066729  1339.727679  41.10262202  584.1512429  90.84113921  
84.70313975  1747.676117  1067.840388  223.1240919  181.4130182  114.0388648  85.7792942  191.2100413  1330.252475  
141.3674844  370.9047166  49.18048861  597.5232272  374.3688009  37.18316103  819.0017268  311.0481194  619.1424363  
64.10318057  412.0851502  60.38978508  181.4218891  115.7985654  359.6308942  544.9523244  44.69372386  354.8845392  
116.0078946  511.059159  45.8248499  150.5945031  279.4807754  40.95308848  302.7318477  9.153254082  341.5482396  
958.5928529  1285.041914  1412.547216  321.2134286  881.2046911  644.4765444  413.7594218  156.859803  56.64583543  
368.8369588  334.7073501  456.4174949  37.93282748  129.5280846  596.1521915  291.6621019  498.7072071  1116.97926  
186.3183262  415.5544474  63.78245555  344.3935982  133.1600868  1267.105009  501.427088  173.1892395  52.69405237  
345.9980347  381.3702252  217.3564285  243.3609033  626.8973222  27.26193407  628.5197054  318.6112719  167.6522297  
330.4502548  108.6480751  255.6738002  119.6874788  835.8730285  170.9552055  2586.430888  429.1694053  1630.447954  
22.85487093  8.315634573  131.9615133  417.1073475  212.8709973  236.9210288  166.7009562  31.9878134  150.2591335  
241.2662778  369.4933988  591.5551939  1756.340008  214.4382938  267.8584176  1484.086721  85.37065436  680.7200094  
326.5638586  967.8179527  558.381044  917.3906559  746.7354825  111.3782635  328.1599956  228.4460977  653.1540089  
987.5809933  341.4948665  272.4628515  902.297997  547.9946803  1251.518798  20.97172832  528.7303364  773.0501692  
300.3621129  138.8566988  108.7955361  57.39582561  411.3370961  64.78703519  579.8287138  149.395484  8.141705367  
731.2986196  137.3797752  528.6661847  1344.311238  1013.191959  467.6979245  103.6503562  254.6444975  87.73444707  
692.5682855  1046.169757  146.5545072  776.9962896  595.1266262  948.5281005  319.1680078  580.4541906  318.8081584  
623.5478279  2155.66745  114.5105586  99.76032167  67.62375841  265.047766  384.9581035  126.2305588  1066.224759  
228.2774507  257.5242955  686.8539467  236.886214  64.94487364  316.066377  306.9436627  248.6871037  1429.101356  
2170.817818  1175.277453  218.7732303  1133.310156  24.70891887  195.6049425  598.3467228  652.1626229  88.99555826  
618.7421193  428.7320827  81.6519478  163.8231996  151.6262254  391.8497268  104.6197055  74.60743024  48.38596244  
77.94779959  199.3896957  167.3128128  376.9147583  326.3956297  151.2095105  458.1184393  285.0118751  49.65411304  
352.3065986  187.5067459  248.2771836  228.5800115  64.82514881  35.49251541  222.9060478  709.6652296  436.3508037  
443.9934033  686.7659359  961.3690687  790.8741587  655.709939  761.8600107  84.73852321  121.110092  74.18752316  
127.8241715  1076.75648  638.9927999  547.4632316  1067.704623  199.2677121  526.4729598  306.6387665  1035.122989  
157.7873168  151.9313253  65.85746866  194.3929721  133.7498968  22.08857379  277.5380928  184.8471072  195.2890069  
1340.753715  2206.754006  46.25311291  1830.079896  2306.561033  907.4056124  70.37845965  258.3922757  832.7192511  
879.4264736  668.7686135  915.036823  686.6639003  473.1178525  862.4222739  567.3349783  264.6877778  1669.543335  
656.1272013  359.7532322  1528.196102  466.4453743  309.4322296  148.838654  673.3865709  1004.465707  1325.020386  
401.9762821  993.1788456  162.4367431  265.5141412  73.85493093  553.2847082  482.9162418  489.8458597  279.761309  
0.4511760559  859.1878059  737.5113294  417.6993449  777.8191799  481.1976937  153.6071916  30.6214045  3008.859011  
379.8471984  544.6098567  277.904619  1188.925838  150.9948183  2215.03141  33.52355869  52.25294322  1034.914597  
1026.383404  253.604949  536.9051988  1793.907061  924.1015618  1821.280336  1362.803208  989.7735228  1098.252834  
918.1421619  736.7276447  1658.904803  819.0942306  826.8139947  223.3732274  606.0058278  1438.573048  106.9766371  
70.55531015  61.9143976  679.8755111  157.0660873  191.5499433  599.646659  494.1277837  231.0099165  57.54012046  
382.4140135  540.7337091  858.8818526  656.5517891  192.9089285  609.5930627  29.3075506  157.4489671  2409.793826  
57.29099961  129.7989483  7.061962779  955.1595572  1365.306798  348.0421811  285.2912178  166.1965926  97.32171804  
91.16911603  414.3683007  336.4323549  612.4764598  45.86229284  508.7371729  27.12669074  136.1143827  15.84642827  
314.5816473  1072.302781  644.5553114  593.9933474  35.43864504  209.1671695  4.772702665  359.4959733  125.8900827  
1509.963364  1185.256275  21.69780261  665.5144376  1225.864017  68.59189151  233.6557636  281.6620863  596.536673  
574.8927238  285.3308498  363.9640957  134.5145812  98.37098344  838.5961193  66.63473882  425.8151862  1618.043833  
47.99051307  124.3343796  193.6213261  539.3084866  259.6032577  129.6005511  402.2210283  44.63473104  725.5136225  
88.29414987  115.4820652  25.72307037  116.5350926  1375.018948  66.73213126  479.0874954  8.719970618  585.0467445  
774.8574498  201.6226597  17.03880745  1025.554736  129.7003982  750.8617363  763.9379433  1129.334672  119.6831651  
128.3076779  182.5019979  209.433178  562.8472189  726.4517975  171.3048021  928.7007797  521.6367719  181.6585371  
439.464869  275.4090706  11.92756305  473.7989933  269.7827901  8.678790215  158.720254  219.531701  578.2826046  
254.4955381  362.8429562  342.1331825  1515.290868  2823.924298  523.5878267  262.3494628  16.17944205  446.9723427  
680.4134789  101.6001192  1781.920172  493.847196  118.7699801  93.86289661  321.6447778  1050.536725  1231.940228  
1922.850408  391.138893  166.2991817  271.3127276  349.4488485  191.9495059  186.2283964  665.6134243  454.7242223  
1586.968875  932.5073069  651.1609921  1219.42747  29.70250059  1375.602201  673.5085444  899.8602963  154.9154303  
404.6330778  22.81070603  485.7262643  206.1296827  110.6065331  186.3801661  198.8911778  34.69234912  575.5585814  
1244.855683  2180.996469  1282.052143  155.4337014  103.7096178  1366.46964  1135.382695  1638.800083  2120.105653  
1195.815831  876.1781092  1050.595824  497.8081505  514.2880543  918.5772368  658.0122832  523.1940065  381.9443243  
131.7180909  318.4734765  410.688305  590.5657396  452.500106  190.0281907  607.555861  693.5967047  96.189109  
328.082062  173.4197725  380.7368798  704.9240332  90.53783983  187.7055147  422.2486803  591.7104551  242.0098121  
512.6740599  682.8770029  114.5457044  168.4833441  323.4575922  105.5298973  98.59444309  211.1721727  396.5646722  
85.18162832  133.5798234  34.71316354  330.1787569  364.5462584  565.6469926  914.9632481  342.7067359  359.8218629  
276.7783831  279.1552499  348.3164397  250.3385879  147.9272059  1414.877264  8.801271941  126.0068414  129.6787493  
507.4809703  125.5514133  584.7531771  1008.584876  621.2279112  18.2603752  424.5999902  515.1465636  1.967357971  
39.29309592  177.6623019  16.57238767  255.3414319  74.79175591  2.388765449  1099.99703  104.4378047  544.2089366  
664.1610665  354.8841849  108.5429716  415.2619228  480.8120494  210.3165744  1180.062071  1029.055613  751.5673195  
114.9814505  152.7335994  130.0073944  1040.121964  310.0847884  665.3793578  94.84935947  87.37746077  424.6985922  
324.2409045  119.4200329  362.1052617  610.1611593  162.1591399  224.9204286  274.2911085  66.3240487  1437.080767  
470.3005018  43.64050093  371.6533265  162.5021799  635.9117026  250.0086597  715.3096091  2219.257064  394.0922865  
969.7343512  42.29267332  9.63870853  96.28121361  133.7915847  415.4047916  1281.278969  974.6816762  716.2744564  
118.5314423  400.5526133  389.0239941  8.737241835  405.4291176  312.5430819  36.55974162  304.5293262  475.7620111  
322.676212  881.5687679  271.071473  297.1074286  236.9867048  917.2269172  141.5253125  46.15681166  467.7421534  
285.9918661  842.6168128  598.2749461  273.5874802  93.22052428  2.127773606  182.0659743  272.7230799  222.4666177  
68.53101798  181.0345708  276.7278962  105.1130424  748.7520693  8.384402638  49.47754642  241.2586354  45.142265  
537.5412388  1090.543961  725.7673849  406.6411194  1575.040202  1590.473032  303.6652968  213.7532581  340.7563326  
1240.979217  819.7546896  1129.607111  792.8986517  357.5243378  886.4570306  152.8281483  96.64458275  327.7516744  
479.0400989  355.4365828  361.3964123  356.2688462  450.2267999  336.089382  1422.311977  748.7521599  547.5123168  
613.3657553  38.40543522  36.74442508  152.998785  1308.33073  898.5912207  2.607141956  126.1474554  296.0043765  
469.0186344  1205.230156  35.12941613  172.0297729  384.561905  30.60389635  22.45513444  122.6071338  444.2004979  
