0.2296539305  0.1795341833  -0.04585821556  -0.07168421583  0.2146897242  0.1297540748  0.4598881128  0.09455630625  -0.438252767  
-0.01280793913  -0.02071908593  -0.1898184851  0.03802656753  0.1607082827  0.439952781  0.1458276401  0.5315574976  -0.7172847896  
0.08568364652  -0.09496056143  -0.02302059256  0.08451118999  0.2574812275  0.1640769625  -0.1705285843  0.0538306767  -0.3125624765  
0.01992733446  -0.1621259167  -0.01784883855  0.006418918709  0.01297083779  0.009188898259  -0.1122216219  0.4202862659  0.1794921611  
0.1188862514  -0.02712135052  -0.03916203763  -0.07142299381  -0.04626921675  0.1178617266  -0.1519134104  0.07817507323  0.3491283522  
-0.002236982703  0.01011728601  -0.08098433766  -0.0852733773  0.1886826975  0.2144613807  -0.002703974089  -0.1036485902  0.2771039032  
0.01318670847  0.02284867925  0.04246208159  -0.01705533305  0.01707163323  0.02388975855  0.1266660808  0.2061836861  0.2817658951  
-0.02559146936  -0.05505741242  -0.1280482471  0.04008960215  -0.1274233571  0.004494738863  0.05352902287  0.68829419  0.5477756015  
0.1574008273  -0.08586720848  0.09021420131  0.2566151173  -0.1289549196  -0.04949057706  -0.2346452243  0.129027076  -0.6375436903  
0.04224530405  0.03201214326  0.009808897119  -0.04877227899  -0.03270413629  0.02957632287  -0.1179918968  0.02292001754  0.2075719692  
0.006244844272  -0.09658115676  -0.09225126655  0.04371631537  0.1632012258  0.09203974936  0.1183749525  0.04140550067  0.2669005711  
0.09319547352  -0.01454047316  -0.2499419803  -0.03432444639  0.1332058485  0.3020591373  -0.3407876921  0.2641663203  -0.1115667271  
0.02950595258  0.01100984202  0.04949534325  0.008565795223  0.08864776958  0.1147393123  -0.1383913256  -0.09349781527  0.1438114912  
0.1150956902  0.007967657776  -0.007130108872  -0.09513349838  -0.09891581006  -0.07378577847  -0.259764099  -0.215029418  0.2008998119  
0.01450824565  -0.02806156844  0.0546666367  0.07284709741  0.03883616837  -0.09901015433  0.1344826203  0.4335254666  0.4230268379  
0.02434813879  0.08330605875  -0.01406071994  -0.05823789444  0.04849647026  0.06055147487  0.00139149387  -0.1041119668  0.177290905  
0.04932474682  -0.05206590547  -0.02074921189  -0.02563168462  -0.02801164589  -0.1054042823  -0.06654626402  -0.171435581  0.2106369505  
0.03040463053  -0.03916659232  0.09268995574  0.06047008364  0.05605385481  -0.007294276477  -0.06774033205  -0.1043853848  0.1664562355  
0.07702589212  0.05723368555  -0.07093250514  -0.01943875845  0.2138980454  0.1759711739  0.01173483344  0.4282660132  0.03979765773  
0.1196666676  0.02480617652  0.005795977917  0.0652719878  0.02362542682  0.06717419356  0.008338475955  0.6656058188  0.642107912  
0.01066756607  0.1156083368  0.2001001216  -0.02305769994  0.148791505  0.03676622562  -0.1447334832  0.4131500869  -0.3002173689  
0.07448949014  0.04159795721  0.01551808628  -0.01135126793  0.08598641562  0.02033309355  -0.03211667735  0.09328230778  0.2645084485  
0.1156405913  -0.03149270924  -0.1887991704  -0.01798024892  0.1777716961  -0.05119306104  0.5858630209  0.1881971989  0.2716040883  
0.12681096  0.01591858214  -0.08891518958  -0.1041481002  -0.1506492893  -0.09076737024  0.06405589726  0.1158216815  0.2479034951  
0.04248385168  0.04234521436  0.03614429927  0.07179568562  0.1843992595  -0.04794255297  0.3275053886  -0.4726768131  -0.2128880072  
-0.05226054921  -0.06680906372  -0.07998493289  0.02899077822  0.1223944852  0.1276351306  0.0459692893  -0.06464103073  0.1795167095  
-0.01711762103  -0.01430607834  -0.008339990881  -0.1002716185  -0.08370810052  -0.04621682196  -0.02013960216  0.4012772678  0.4591787498  
-0.06655719752  0.02414973977  -0.1285318256  -0.1141813654  -0.0869395449  0.09139441348  -0.08783937942  0.2075210145  0.2939543235  
0.03174693492  0.04930152849  -0.01195075844  0.04729602586  0.3798121085  0.388729823  -0.1543228964  0.5687030715  0.6888538334  
0.1530159167  -0.01272664795  0.08107933887  -0.04903409822  -0.06561854163  -0.1182335529  -0.1199593436  0.105001549  0.3803193641  
0.008058787028  -0.02568587728  -0.05417743619  -0.03987769296  -0.04963053315  0.05412113247  -0.1149841345  -0.205316895  0.08430444998  
0.1209055887  0.07707646669  0.06546946576  0.04572298303  0.09790696236  0.04209167273  -0.001810823119  0.246437978  0.3640927166  
-0.02520849076  0.01154590119  -0.04664720786  -0.09794419812  0.03831912927  0.05528027195  -0.2460130522  -0.3875898722  0.01445766809  
0.04590114101  0.08353579218  0.0655563932  -0.04044679094  0.06039459902  0.02639087889  0.09554894359  -0.07500524261  0.1544633883  
0.1697306577  -0.02703560699  -0.1628784665  -0.2275870274  -0.09294689298  -0.02612588666  -0.1518943028  -0.1998618721  -0.1969835524  
-0.0258954078  -0.1189424035  0.08149717416  -0.05074734838  -0.03267289765  0.146573441  -0.1185151063  0.07657355773  -0.5930285985  
0.03255807002  -0.02683768308  -0.1420801311  -0.03710077229  -0.153108119  -0.08441570329  -0.02232617373  0.4902326658  0.2506535012  
0.09904494601  0.07681795785  0.03525201688  -0.03868821638  0.06402930286  0.03337317337  -0.198969619  -0.1849459632  0.1330157136  
-0.03636610946  -0.01882564594  0.002696829092  0.06839482422  -0.07814376177  -0.1335355129  0.02746217549  -0.04578007409  0.009793920096  
-0.0584154267  0.03007966997  0.05466097371  0.01374815841  -0.05079872829  -0.002639294576  0.108299587  -0.07841933141  0.02778885076  
0.1471451739  -0.02609059043  -0.02506723231  0.04963007816  0.08319656047  -0.0216142182  -0.1893277448  -0.169603952  0.2296149127  
0.0822907969  -0.147428984  -0.2305644734  -0.03421231714  0.03212893358  0.08650701368  0.204790449  -0.05673559497  -0.2304695084  
0.1159543698  -0.06236445928  0.08192966927  0.02968200475  0.08678080524  0.02813580896  -0.2477097791  -0.1172416317  0.2416352937  
0.09163508956  -0.128436519  -0.1275500413  0.1365171745  0.1435053097  0.05384022222  0.398886286  -0.1157310385  -0.05851193996  
0.2038016311  -0.0117618393  -0.002310331748  0.02312124933  0.08482700164  0.06601868703  -0.1647352878  -0.08141390274  0.315396114  
0.1223144849  -0.07424502633  -0.1135989477  -0.1439185747  -0.0547903014  -0.03857736698  -0.3539773518  0.1596801504  0.2395425979  
0.08168522245  0.1601079703  -0.05091769947  -0.1005731283  0.3632498519  0.2724810778  -0.2332229081  -0.5376656354  0.09573568754  
-0.08326218906  -0.09232809048  -0.1148431214  -0.1282447231  -0.215803599  -0.018735578  -0.1019160568  -0.1631112872  -1.171432313  
0.04344943883  -0.06747510289  -0.0579963308  -0.03180553416  -0.004366485169  -0.0877852019  -0.05354438761  0.1003823458  0.1745366471  
-0.03062520245  0.01761494936  -0.03223652299  -0.2030366664  0.1382874476  0.0911998843  -0.1344112514  -0.02367877104  0.3815368587  
0.1483381636  -0.2198329778  0.1235668081  -0.05560505832  -0.01495828792  0.183122823  -0.04631384164  0.2556300834  -0.6358685288  
0.1237100319  -0.1643692209  0.2600515523  -0.04077465767  0.547677426  0.3564300177  -0.2638474198  -0.2798295284  0.174376392  
0.1536315825  0.1332807805  -0.02885981344  -0.148362512  -0.09371151265  -0.07088510134  -0.08545392606  -0.02398384354  0.1431953632  
0.1059596458  0.02511875792  0.08846171512  0.06849178333  0.01582561763  0.03313031656  0.0245180345  -0.2484334003  0.1340747311  
0.1490674149  -0.08753169271  -0.07752502171  0.01819433246  -0.09484280994  -0.08827714018  -0.1260900896  -0.1528308124  0.1938505602  
-0.01276704015  -0.07048180332  -0.09233042875  -0.05809271995  0.07759595515  0.08581170088  -0.0252832408  0.1773955715  0.3625903311  
-0.05299811705  -0.0966339853  -0.1484101162  0.08069781192  0.08849926849  0.0350448445  0.1301194653  0.1314816927  0.2489579143  
0.04560790732  -0.01331858621  0.1313248618  0.05742795002  -0.01076104606  -0.1435021622  -0.1435103407  -0.06806633052  0.2368443351  
0.06822942882  0.03811494194  0.03641503733  0.02230900987  0.09677943229  0.05895149272  0.003769520895  -0.02861433456  0.1697955758  
-0.03954552165  0.01164324368  -0.0775936919  0.1993605228  0.09632225613  0.09577223529  0.03263375975  0.07203862432  -0.5080606634  
0.1163917493  0.1103786277  0.1116673488  -0.01897528953  0.122907487  0.1523264955  -0.2007936096  -0.1613075872  0.3109935944  
-0.08314226196  0.1011693348  0.07474984721  0.2555303185  0.1682274823  0.3155814581  -0.3250251068  0.7221224272  -0.3930220661  
0.08631852954  -0.0121416573  0.06022094153  -0.0413774165  0.1860334647  0.08316787742  -0.2321636279  -0.1848031549  0.1334431955  
0.44202592  0.07870754853  0.407492606  0.1990496552  0.0811293732  -0.3001304487  0.2431271094  0.5202628984  -0.8715536075  
-0.0558749627  -0.05708041378  -0.06742673905  -0.1720071358  -0.1678962657  0.2166414112  0.1559853797  0.3128536511  -1.136773947  
0.09729358931  -0.0274806576  -0.1473156196  -0.03561172034  -0.06025201615  0.03845059565  0.02818160187  0.1173134677  -0.446612272  
0.05973580184  0.07266064979  -0.0576606943  -0.03150634367  0.02288935785  0.06526307378  -0.2693617817  0.04901134898  0.288290163  
0.06933139419  -0.06500998218  -0.03668558717  -0.0483951885  -0.05869448908  -0.09208566646  -0.1591461532  0.009999241914  0.2746226339  
0.05659234682  0.08870785239  0.06914401983  0.06565435269  0.05621488166  0.1163799126  0.04195180919  0.4506233452  0.4946996992  
0.140803907  -0.03440147595  0.1167488335  0.1944075089  0.1158518393  0.1676748973  0.1604170903  -0.1023767852  -1.128397912  
0.186287658  -0.1023263466  0.01519443591  0.1123458505  -0.09899052465  -0.0141429257  -0.2072886252  0.1339827304  0.0150231988  
0.01236209751  -0.02609028351  -0.05779690396  -0.05244256562  0.04403417393  -0.02782455108  -0.2742135028  -0.08840851061  0.209679522  
0.1183589183  -0.04232626249  -0.0850813101  0.2107685925  0.02582167863  -0.01869779179  0.106145492  0.6592435057  -0.5012039022  
0.01688904374  -0.07701327132  -0.3772829334  0.07853505362  0.2117851353  0.09486962396  0.2544366848  -0.0104365486  -0.3940451847  
0.147055686  -0.0347847645  0.003200634109  0.07087169147  0.09276683672  -0.01908368134  -0.2687278332  -0.01419254817  -0.3469369471  
0.06557916487  -0.1936519611  -0.3300237844  0.05506661151  0.04161042971  0.3562846073  -0.08685263795  0.3697667698  0.4342121808  
0.004919959885  -0.01728402955  0.04602428654  0.1924451854  0.04345085769  -0.02527797315  0.1535610121  0.07124555317  0.07422965209  
-0.002169986536  0.03342834525  -0.1419070923  -0.2573288088  0.04714313601  0.1401504381  -0.08710206356  -0.07200975221  0.2986280675  
0.06344579981  -0.05275638  -0.2037547003  -0.1422804158  0.06400831056  0.1250192427  -0.02128020173  0.5454528857  0.3933637317  
0.04887271497  -0.02469395281  -0.04078840541  -0.05862733497  0.1880362301  -0.02082054814  -0.2792003591  -0.08462067324  0.1060206505  
-0.04951471886  -0.1260863008  -0.1735218305  0.10243332  0.2990252996  0.2274282673  -0.2839215932  -0.2615516515  -0.2128370311  
0.1800752142  -0.03666232679  0.04057739761  -0.007319388245  0.2159844113  -0.0532913526  0.3541051983  0.04224647737  0.3519370491  
0.04945048765  -0.08754805971  0.05312254999  0.09873001347  -0.1666304645  -0.071248885  0.2554309575  -0.1012974247  0.1229389867  
0.03788767965  -0.02644148165  0.0759096789  -0.09272273018  -0.06807896191  -0.110639651  -0.1489019546  -0.2170879002  0.1850856286  
-0.08993848587  -0.0153886913  0.05699156522  0.07122221863  -0.1539872443  -0.1147331071  0.2143721621  -0.05958377235  0.1859106463  
0.1984697636  -0.02957538555  -0.1295555584  -0.1128047951  -0.1440168586  0.2787749051  -0.07198352037  0.6165584413  -0.2067229216  
0.04576649345  -0.03562434421  0.01531365339  -0.1069373424  -0.09107558422  0.007699397279  -0.2589233852  -0.02363362901  0.2848896862  
0.005179398983  -0.0007828147934  0.01685604884  0.01679507581  -0.1261864763  -0.08574727454  0.2108836719  0.01197463785  0.1544280924  
-0.01567877893  -0.002637118666  0.02968599208  -0.05209296203  -0.1262069589  -0.107045872  0.08295729896  0.1451495078  0.3141802062  
0.033072972  -0.09291691737  -0.01839487198  -0.06560120337  -0.1174131318  -0.1569594263  -0.00947972032  -0.2650439663  0.0869297109  
0.09365653116  0.1128334643  0.1590599808  0.0179769864  0.1015961969  0.136406517  -0.1423586611  -0.3383170195  0.1392830391  
-0.008676455773  -0.08248368499  -0.05039591349  0.08375300877  0.03906815622  -0.1477144255  0.303242155  0.03580194646  0.04160526083  
0.07643549946  0.006416010163  0.1530697573  0.1650831064  -0.2347969903  0.2059232643  0.01078824671  0.3675558532  -1.376536943  
-0.09772149711  -0.03208276281  0.02211593939  -0.01216721499  0.04191504406  -0.02727739258  0.2339133952  -0.3340236646  -0.1573893038  
0.06116495747  0.01282431763  0.06959406417  -0.03423671316  -0.1005380377  -0.1115813029  0.1312816617  -0.02684381471  0.1873446254  
0.2364971037  0.06078854011  -0.01475184184  0.1309515829  -0.03894002832  0.1558855861  0.3713855122  -0.2554335872  -0.05151395139  
0.08527080032  0.01703695558  0.04329809991  0.01447609413  -0.122666511  -0.01749531123  -0.1179119608  0.1847945904  0.4887216844  
0.05589766794  -0.002494610572  0.04844741179  0.05699425681  -0.07897670391  -0.08745197267  0.1365166401  -0.3397531899  0.1523060875  
0.04481178276  0.01396471992  0.01268247965  -0.05612686709  0.09267936658  0.1076167599  -0.1124493358  -0.137287138  0.3509589997  
-0.04205802525  0.1061796593  0.03557977443  -0.1125073196  -0.2242116163  0.1119264024  0.1341520982  0.2618616379  -0.7766145411  
0.2889407815  0.1394170625  -0.2261664412  -0.4254313649  0.06970232114  0.4370965798  0.2944979712  -0.04919773227  -0.1224672278  
0.02987687024  0.04927470588  -0.04571996347  -0.1422888752  0.1503400161  0.1486366974  0.04071165987  0.5045748062  0.6232984199  
0.078257496  0.04154222656  0.08171649938  -0.06121345602  -0.06609445674  -0.06520586218  -0.0935917893  -0.3218309799  0.1132264762  
0.08945830506  -0.06822388986  0.00409646623  0.03763946169  -0.08030970273  0.01356232371  0.05809650872  -0.00438195177  0.2417169743  
0.06497660282  0.02909683717  0.162139614  -0.1578211132  -0.1055735326  0.1919311758  0.4211042493  0.02137121176  0.1131902704  
0.3876720316  -0.07355752399  -0.3510045665  0.07948697131  0.2676284359  -0.03763746774  0.5859438534  0.5191078985  0.2520507906  
0.09204907494  -0.05938782789  -0.04740536874  0.04620242453  -0.2170682004  -0.07135225957  0.1287772035  -0.251505092  -0.06006359895  
0.04266987194  -0.024341928  0.07016360585  -0.02005965437  0.003389028916  0.002902508548  -0.02755024821  -0.1695929957  0.1966611369  
-0.06533400853  -0.04120535753  0.003040003848  -0.1461413591  0.01652669578  -0.0610280373  0.03374199846  0.2715163117  0.2376991383  
0.09777342155  0.03324880218  0.07818965724  -0.1248410978  -0.02976514525  0.01299215829  -0.05989689677  0.20478824  0.5015305332  
0.08829261869  0.1328759932  -0.3473232884  -0.4840390739  -0.1108896596  0.358578269  -0.01251430624  -0.0562505284  -0.4817046182  
0.1170266772  -0.1226539985  0.04344697041  0.01067524958  0.02150728597  0.1092483618  -0.2474829088  0.09379660744  -0.5444720127  
-0.01477922615  0.06398249137  0.1165691929  0.1167977747  0.0004180134892  0.1180981788  0.01536820459  0.2953924404  -0.5384133395  
-0.01220481439  0.2801695695  0.393183671  0.08960764437  -0.02781700863  0.1864521506  0.1456078844  0.6567961008  -0.6757883816  
0.03706627507  0.1112246294  0.1959875976  -0.06850258872  0.1478695618  0.1356561443  -0.1922108517  -0.8640304117  -0.3915289268  
0.03280539329  0.003962199602  0.02355445226  -0.07300064365  -0.0538070905  0.09964683134  -0.04854990872  -0.2234485577  0.1866380281  
0.08590206659  0.01856788365  0.1377462755  -0.1136471088  -0.09160285157  -0.1757493201  0.0146923724  -0.06289416831  0.08434192802  
0.0568400821  -0.08068013532  -0.2354506728  0.1516697181  -0.05832476018  0.1065281554  0.07645600442  -0.1035429531  -0.3846134565  
-0.02448934947  -0.04118115452  -0.2072434292  -0.01328022482  -0.01809208039  0.1239340766  0.2465111549  0.1334206917  0.2960026977  
-0.02675285036  -0.07604065718  -0.02917273902  0.142442156  -0.1441890373  0.005227077611  0.09414964499  -0.2870870951  0.05770233909  
0.08650196248  -0.04517979876  0.003159311977  -0.03948711655  0.01444942508  0.1795550713  -0.2340062136  0.361098664  0.4691106463  
-0.06867731816  -0.03257754173  0.05044325235  -0.05616506988  0.006550140624  0.04063694112  0.1004160953  -0.09474819401  0.2545133165  
-0.06338621075  0.09856125982  0.1241392636  0.1178681903  0.112188369  0.160489798  -0.02850429646  -0.1174095246  0.2712238713  
-0.01749441842  0.07896130527  0.0178518434  0.1085244846  0.1954470704  0.2543516716  0.001803280999  -0.1594589981  0.1510429673  
-0.01211829134  0.08403685111  0.04557697191  0.02588433686  -0.03463186453  0.07885510309  0.113303502  -0.5698804405  -1.265589153  
-0.02595276184  0.007006936495  -0.04203909358  0.02023523792  -0.06606251161  -0.1106772093  -0.09835916565  -0.3579657803  -0.0246256185  
-0.004575725237  0.0477005827  0.05254393789  0.0927933993  0.3255936065  0.3873327232  -0.2718633512  -0.280082124  -0.8626583141  
-0.01244684333  -0.04433328625  -0.006433985223  0.1092614473  0.1127836747  0.03766511432  -0.08966254456  -0.2518984227  0.07372918282  
0.06137029592  -0.03242101211  -0.03377607778  0.05286582071  0.02390080711  0.2076507874  -0.1490431099  0.07484339092  -0.8971727209  
0.02944852279  -0.04393029581  -0.0694271514  -0.07323004949  -0.1350308447  -0.1314844317  0.07512475273  -0.1513647545  0.08149034844  
-0.06904480379  -0.1312234178  -0.1911749074  -0.06805721551  -0.05474857857  -0.05412088138  0.2040278268  0.002903355809  -0.87208771  
0.05564762574  -0.09064499779  -0.1641284014  0.1331466043  0.1647520817  -0.185465328  0.3189437408  -0.03623548574  -0.1329129334  
-0.05611729521  -0.1519483192  -0.03005386102  0.1932060096  0.04972499187  -0.1575253435  0.05619421548  -0.1207935345  0.03005233073  
0.002496922578  -0.05026423824  -0.180090804  0.09217674317  -0.01832530042  -0.117730217  0.3169746098  -0.1653418594  -0.1036042054  
0.1725820466  -0.1617034668  -0.1019635335  -0.1503995271  -0.08460627009  0.09993804641  -0.2579980003  0.266124046  -1.017280307  
0.0626038192  0.004389084338  -0.02152018814  -0.02747729082  -0.02987617251  -0.1664276956  -0.203191387  -0.1502108285  0.05699602547  
-0.2109698143  -0.01302079374  -0.2055068204  -0.1221258475  0.01607174796  0.1025279924  0.001130789633  0.2721563099  -0.9958818199  
-0.07914841412  -0.1213614624  0.001842785638  0.009012299856  0.02083069565  -0.1506408536  0.1744264989  -0.2710824196  0.05434872328  
0.04667237436  0.03098893407  -0.02479432935  -0.05395319861  0.08920792829  0.04678364011  -0.07389732654  -0.3109738571  -0.02316980432  
-0.0182941271  -0.0183531137  -0.1125430382  -0.1102055771  0.06294163528  0.0835282266  -0.005821792465  -0.06422007814  0.1234574531  
0.02127280828  -0.01003122271  0.1908194859  0.3204405645  -0.04374541153  -0.009965500999  0.04244301576  0.1437287681  -0.5128647902  
-0.005302899494  -0.1845881586  0.02530184386  0.05097217425  0.1154224907  0.0594170783  0.04085271396  0.07247244618  0.2907387186  
0.06582027321  -0.07234118191  -0.06966832593  0.05723149306  0.08430332386  0.04680925294  -0.1537283508  0.1945098121  0.393634444  
-0.1696887792  -0.1453979413  0.05721627167  0.02372571309  0.1060660164  -0.04860443918  0.1624709932  -0.4077193459  -0.1601586323  
0.01775702776  -0.04093358642  0.05957093978  -0.04984320474  -0.1162494857  -0.1642767201  -0.1391406378  -0.02887038502  0.1406234648  
0.05025705456  -0.1055288522  -0.06108739681  -0.02440178336  0.128463273  0.03137153609  -0.1323840016  -0.1698490058  0.2190724066  
0.05361780484  0.0372015429  -0.0007604861733  -0.02280678077  0.08255717022  0.08140558578  -0.2325876443  -0.2494525859  0.1679474558  
0.09859904047  0.04588004002  -0.1221329547  -0.116592897  0.1127536559  -0.0173174868  -0.3300313987  0.01011681678  0.4375181522  
-0.009430499213  0.03695243383  0.04474185739  0.1022140391  0.1667376668  0.04146319254  0.02615498057  -0.309889623  -0.05996973017  
0.03810454721  -0.06739228478  -0.007243822335  0.1450066578  -0.04983337506  -0.1746640137  0.03370194275  -0.1404357345  0.138912499  
-0.04521274567  -0.1188773628  0.06384953921  0.06955741729  -0.01187053678  0.01210119582  -0.0035802896  -0.1560444423  -1.162931933  
0.02948048498  0.001986766906  0.1901892373  -0.05028699624  -0.1091385485  0.08855672986  -0.09788035098  -0.2205633225  -0.9338105322  
0.06090398064  -0.1392693274  -0.02252587082  -0.02687903077  -0.1330173356  -0.148807516  -0.1937276067  0.1707827981  0.2841043706  
0.01140564241  -0.1526608583  0.01734042901  0.2267924067  -8.32007109e-05  -0.1351756845  0.1266861726  0.01847668286  0.06159984005  
0.03155762891  0.07405598825  0.1422894814  -0.02852457747  0.0276848128  0.04659443077  -0.1660153406  -0.3593697504  0.05076449837  
0.1618890997  -0.04104936535  -0.09479757516  -0.06797649212  -0.113817949  -0.1011635893  -0.2103737531  -0.04367732832  -0.3007405836  
0.1308345383  -0.0137489879  -0.1078938054  0.1744089436  -0.003429413973  -0.04766572064  -0.4028402001  -0.2556855901  -0.5419821822  
-0.1227570906  -0.09026622866  -0.07715987566  0.09513855989  0.05664500739  0.08214179895  0.1642625507  0.1281102386  0.2266355581  
0.1406443752  -0.08777358385  -0.2228222239  -0.1082510645  -0.1166584725  0.006773151245  0.4104982176  0.5566146727  -0.7208777504  
-0.1078993029  -0.1501992353  -0.1676605491  0.09010939155  0.05934670205  0.03463383141  0.1378150788  -0.1082817801  0.2779289603  
-0.02364739349  -0.02517530734  -0.125746874  -0.1338637111  -0.03376437618  -0.1319165682  -0.02386985031  -0.1201851436  -0.1227123188  
-0.1080280985  -0.1150022556  -0.2183909294  0.06621195118  -0.1496863407  -0.1160240518  0.0265114541  0.1909334981  0.3637807176  
0.004870600407  0.01349217013  -0.09576542816  0.04130194945  -0.0920390168  0.027073833  0.101911336  -0.02708531814  0.1839140254  
0.01058804968  -0.2025095559  -0.03779374782  0.04822463099  -0.091624074  0.05087296773  -0.05175714713  0.4481487917  0.5678486224  
-0.09401728846  0.03841072755  -0.06048190342  0.02128756593  -0.3149761423  -0.0801159867  0.03386720461  -0.01314947121  0.2215178842  
-0.04466328783  0.06794326733  0.006061695166  0.1371767755  -0.09612572635  0.03645061115  0.04043743038  -0.4554326816  -0.0478928459  
-0.2445679416  -0.3881718286  -0.0203276974  0.1799985085  0.5568931209  -0.2008034547  -0.1238258466  -1.028676913  -0.5290814126  
-0.0307740612  -0.01459806172  -0.003029375814  0.1146440081  -0.2776796327  -0.1090607355  0.09643119076  -0.1480754119  -0.0185746272  
0.06954834147  -0.1290837964  0.1253203727  -0.0009181935895  -0.1396436537  -0.04888102644  -0.06043553247  -0.09935900131  0.2134180342  
-0.09961786936  -0.1806990428  0.1794791917  -0.0429618957  -0.09823486622  0.01928222684  -0.02759128779  0.124966192  0.2991322559  
-0.07618600506  0.1048062827  0.03306348657  0.04122376023  0.0275000656  0.1060672761  -0.06322327214  -0.414181735  0.0309169287  
-0.2524782824  -0.02178765452  0.0155651013  0.02006996656  -0.07320862575  0.007937264472  0.07008160761  0.1646762677  0.2619986978  
0.001780081622  -0.1178531177  -0.03622194196  0.05132805112  -0.01829811335  0.06117546613  0.07443102597  0.03116557067  0.2098142195  
0.001662424162  0.01925668346  0.08278473623  -0.002706402976  0.1641047826  0.1952775022  0.1622113005  0.1185209772  0.4765272429  
0.0001679443575  0.1027700073  -0.07875533353  0.02049407827  0.0963208377  0.1184589397  -0.1702485238  0.0597181545  0.4944016665  
-0.05391419589  0.0307585221  -0.02524870846  0.07483506788  -0.1487639962  0.01466175119  0.06414505471  0.0439323627  0.2658218939  
-0.1156583139  -0.04731286234  -0.1022672539  0.1801846508  -0.2417021596  0.03417967884  0.2449787647  -0.1581038406  0.0004510780416  
0.0003387171705  0.1039678647  -0.03560463909  0.1077887401  -0.2777776476  0.08165442389  0.02487430424  0.003004581345  0.2632192925  
-0.08165963599  0.03544553418  0.1019255801  0.1657793666  -0.1559162729  0.0105279574  -0.1559979812  0.2347638833  0.3508603304  
-0.01238099397  0.05582472751  -0.1130534176  0.05877545615  0.02970486978  0.2023704759  0.04596227375  -0.1312382529  0.1623067401  
0.04684543911  -0.1897211556  -0.03473002428  0.04407132688  -0.2931363161  -0.009048068291  -0.09526789322  0.1162193441  0.1816469302  
-0.08771613543  0.06297653829  0.02748102704  0.06234444918  -0.1082445947  0.07275371033  0.05073774715  -0.3933846975  -0.05569611073  
0.00546232978  0.1504984184  0.05849828081  0.1581142162  0.001985301486  0.06215745248  0.1650914325  0.05046479364  0.1468878452  
0.06096493895  0.1417047002  -0.03565697976  0.02181369931  0.02126193957  0.2035244066  -0.1148523303  -0.04318342761  0.4408125731  
0.02887457754  -0.06155954891  0.02602033764  0.09860931048  -0.01794890551  0.1239851434  0.228032958  -0.09713179015  0.2194253212  
0.002774104635  0.1386527759  0.05527136833  0.02778911377  0.1026981112  0.2231254936  0.07420089737  -0.4106085968  0.1178750865  
0.09364783687  0.05982414445  0.003800747206  0.0414769312  -0.2222447957  -0.1127843335  0.05700004018  -0.3314248956  0.04957015351  
-0.1642053063  0.1066395838  0.07775398048  0.03911263446  -0.08581280056  -0.06135585634  0.2056353861  0.4851761511  0.3220169742  
0.2709960574  -0.09171653125  -0.1627911577  0.1308983247  -0.1356674631  0.2544916806  -0.07851511814  0.2483032907  -0.4617362719  
0.03920007929  0.07213127912  -0.00696842194  0.1414461975  -0.06495446919  0.1090225574  -0.08755268153  -0.3686089801  0.1185917152  
-0.1449475278  0.1039289508  -0.07153738486  0.0430260537  -0.08484569167  -0.005592405334  0.2609577028  0.1679175523  0.3210072485  
0.08302862172  -0.0578855655  0.09864562043  -0.04489983604  -0.02803606354  -0.01610438719  -0.2415045652  -0.2980518398  0.1322392032  
0.02948560004  -0.1530897136  0.09546905102  0.07439416885  -0.1945695721  -0.09158446765  0.08672288866  -0.007071179516  0.2378439044  
0.09712773904  0.1487694627  0.005352596301  0.06269847668  0.02686246707  0.2311179273  -0.2521170669  -0.2535217431  0.2222307425  
0.05982520835  -0.1444947447  0.1078313204  0.05465140567  -0.1718580546  0.03258022574  -0.03087909079  -0.03682724547  0.1703556251  
0.1592497599  0.02655108761  0.1267102612  0.02629000084  0.09264381962  0.2706113059  -0.1263629773  -0.2882567885  0.1119298997  
0.0703711199  -0.1113559901  -0.008817508918  -0.0005139881669  -0.226404108  -0.008896076801  0.001010397757  -0.218021368  0.187571798  
-0.02025324377  0.06598761905  0.02181816211  0.07400199708  -0.1819315137  -0.1097876661  -0.06040983035  -0.2747063038  0.1355510944  
-0.0733506051  0.1264988479  0.01653461779  0.1639726078  0.00511894079  0.02492922194  -0.06330322825  0.06140546578  0.3406926351  
0.1222281378  -0.0295145972  0.04068837032  -0.02429921641  -0.05923846059  0.02543684915  -0.05161999493  -0.2200909402  0.1723871029  
-0.06664276154  0.03114956108  -0.1287907637  0.1007859066  -0.1585438979  0.02700883909  0.1237892993  -0.01158149665  0.2243360396  
-0.0940085765  0.04600501518  0.09446973267  -0.2348334283  0.2302625966  0.3084842884  -0.1925004265  -0.5129446001  -0.007111814006  
-0.02689045551  0.1063188519  0.06775059826  0.05217814349  -0.1858368941  -0.04972620254  0.009571359671  -0.1374136751  0.1536965215  
0.04263636442  -0.1029689258  0.04097588531  0.04767382454  0.002137605338  0.07173243832  -0.182953194  -0.07420594139  0.3687390638  
-0.09009121484  0.08543240962  -0.01887417703  0.07739623392  -0.3329920426  -0.1235110483  -0.1461886442  0.1777593659  0.4588288793  
-0.0166109564  0.1054623291  -0.01725563159  0.1681900673  -0.01209992187  0.1177003041  0.02004636499  0.2631742602  0.5098774048  
-0.0194584673  0.06709481097  -0.01652167637  0.07389903492  -0.1022521985  0.1691603358  0.08891796517  -0.01770380573  -0.2253958487  
-0.1566534579  0.08804325646  -0.1497825322  -0.01395893826  0.1188251269  0.2743407091  0.07226134536  -0.01152943075  0.17958015  
-0.1082847282  0.07782133059  -0.08106094524  -0.04326621284  -0.1639493562  0.03766984784  0.05717279198  0.06387156079  0.3277498793  
0.09275373699  0.08676173618  -0.0579671426  0.1259252834  -0.1154908944  0.04520147758  0.005629113304  -0.3865354376  -0.002245619579  
-0.08593856453  0.1421036294  -0.175463872  -0.06098493637  -0.04614168509  0.2936646629  0.1173192114  0.1148890771  -0.3180379027  
0.07170579438  -0.05911096553  0.06692981182  -0.04347017167  -0.07321599601  -0.06612362335  0.01302225575  0.07922090554  0.3806000691  
-0.06270807863  0.09514724034  0.0428252854  0.08023089981  -0.08574012853  0.05127465978  -0.01973644034  -0.2454121575  0.1228479935  
0.04008026649  -0.1916994321  0.03780634728  0.06809669286  -0.1860177295  -0.0293592746  0.03257403501  -0.4041026305  -0.1548842397  
-0.06495393213  -0.1447494045  0.08658548888  -0.01733408673  0.05000847788  0.1055002693  -0.1045801513  -0.1304370544  0.2882185576  
-0.1142478827  -0.1208676395  0.1468673298  0.09369610564  -0.1109553979  0.04179371684  0.3201361099  0.1200445536  0.1661829163  
0.04158951741  -0.07364560881  -0.01560816815  -0.01299748745  -0.02316045637  0.2561620929  0.1298341112  -0.2247129695  0.03597229199  
-0.2146560767  0.1953078032  -0.02910960771  -0.3145642596  0.01660746793  0.4650183313  0.2421920397  -0.2877886874  -0.4057245914  
-0.0579359591  -0.1862049692  0.08315191295  0.09023864238  -0.04770120988  0.09050416366  0.0550067115  -0.1518434165  -0.01347782257  
0.03727391176  0.1173134278  -0.1108092479  0.1233164357  0.06940476658  0.2984726608  -0.09154989942  -0.1092484173  0.0971819067  
0.005229320754  -0.1253402777  -0.1108142756  -0.0819580328  -0.05510429133  0.08742192161  0.006808515629  -0.04529752129  0.3100481972  
0.09774267638  0.1001273025  -0.1000071229  0.0141644972  -0.198709272  -0.02194591934  -0.04271494251  -0.2603100887  0.131321501  
-0.2682806445  -0.03441759192  0.03568281442  0.01568980937  -0.1484228098  0.092239157  -0.08745589038  0.2936067444  -0.2863852162  
0.08580097447  -0.04777804643  0.1243220467  -0.04479074094  -0.06103223647  0.1111770654  -0.01297170187  -0.1950809854  -0.03279237769  
-0.1010273  0.1024719187  0.07192081174  0.1383844163  0.05405661617  0.1950974476  -0.06489376936  -0.297837942  -0.220922335  
-0.0926040377  0.01621944318  -0.06828677345  0.08554307832  -0.2640760211  0.001200095264  -0.007038997239  0.0402253127  0.2080306191  
0.03472267649  0.1167445543  -0.05766140761  0.05953407889  -0.09857636574  0.07067456477  -0.02042278367  -0.2164665669  0.129140267  
-0.003299559858  0.1689392573  0.1448413594  0.0714153355  -0.08218122413  0.01206600508  -0.05517008693  -0.2125900105  0.09964215837  
0.023000111  -0.1804157268  -0.109062697  -0.01475312967  0.1481877728  0.006767989009  0.3332762656  0.599708284  0.2274834125  
-0.199405736  0.08744135207  0.1072475782  -0.240445781  -0.3841216737  0.1479592335  0.09229414328  0.1447313847  -0.2111221242  
0.1296688044  0.1462855594  0.05940630597  0.08176739874  -0.09713783584  0.03849004819  -0.03884869341  -0.5005652192  0.0242077762  
0.07289328793  -0.1119024781  -0.06777720106  0.08100891599  -0.1480086881  0.0008520761079  0.1579115353  -0.1462604908  0.2238051937  
0.05558500839  0.06056775736  -0.09814823608  0.09380708863  -0.005226615953  0.148713617  -0.0003556500101  -0.06968757791  0.2021860135  
-0.04427569595  -0.137120174  0.06388839676  -0.002975404507  -0.06068298633  0.151923419  -0.07689493679  0.09389846236  0.2982878017  
0.01591845662  0.07807200813  -0.0433744589  0.1648712765  -0.2592798996  -0.03980132747  0.09257528114  0.05226502479  0.2775361251  
0.1172571242  -0.02492022591  0.01975475852  0.1392423174  0.0807581633  0.3328348093  0.004559554118  0.04686027948  0.3858599085  
-0.1352575032  0.02136467609  -0.04894799313  0.1983887503  -0.2256106393  -0.05134730607  0.1837429071  -0.05174898845  -0.1493948984  
-0.02356246756  -0.1320424279  -0.0036066999  0.07360522734  -0.1585340541  0.05691529742  0.09721853712  -0.2353904903  -0.08411160577  
0.05095738365  -0.0766023244  -0.06249190781  -0.03891383532  -0.118246452  0.01438704825  0.1369371877  -0.2460047449  0.0003370870015  
-0.04301305781  0.02593945318  -0.1876123886  -0.1044426124  -0.1555996226  0.1672017599  0.2421678936  -0.04603648526  -0.756398241  
-0.1469175836  0.04429377884  0.00547937155  -0.1831656833  -0.1134504381  -0.09121954696  -0.1607704621  -0.09954748733  0.3008654711  
-0.01497359173  0.03377584495  -0.06971084207  0.02307808541  -0.2116982866  0.009281935847  0.03566430193  -0.2102649083  0.1349170354  
-0.1382225481  0.1071018005  0.02704080616  0.1315468845  0.02624389342  0.05939830611  0.1098507731  -0.09368488389  0.2659635977  
-0.1359821799  0.08797239066  -0.03998606241  0.004631478472  -0.03019057265  0.09481675739  -0.01577960556  -0.2202404425  0.1698269151  
-0.02693221461  0.1204635179  -0.04426250426  0.02579282279  -0.06840452406  0.05257930752  -0.06738597642  0.02449743112  0.4318034155  
-0.06713931475  -0.04977657637  -0.1286094305  -0.4419026656  0.2375457923  0.01326443407  -0.2407043255  -0.3617995677  0.1264358655  
-0.08096192513  0.03049693813  0.01095416904  0.1580740857  -0.3311149029  -0.07462671798  -0.05716016612  -0.005596275474  0.1464273324  
-0.02986422362  0.04670755985  -0.04529073484  0.07315047865  -0.2179126562  -0.05117125272  -0.1042920957  0.01361866247  0.2637651068  
0.05080699871  0.08943831002  -0.07819280146  0.1556135538  -0.1521313482  -0.0002584184113  0.2693612178  -0.1310389251  0.1053379498  
0.03818619898  0.03521621401  -0.1315959733  0.1048532832  -0.1119386264  -0.0003476586505  -0.1880203686  0.171031881  0.3507402875  
0.02280957095  -0.09737934592  0.05390506256  0.05110017121  -0.01241651174  0.04015091613  0.5101836148  0.3304014073  0.3347708833  
-0.0361219464  0.05157379682  -0.03422871259  -0.05532703531  -0.001088864715  -0.02202557203  -0.168685803  -0.2569782039  0.1174013544  
0.01252017097  0.02936295784  -0.1181135014  0.01344911809  -0.1212498959  0.003051632225  -0.08256114225  -0.01101012809  0.3531055043  
-0.02584418631  0.03983010766  -0.002695485923  0.08658225447  -0.2512915478  -0.08145088961  -0.1179787912  -0.1496168913  0.1941344522  
0.009003812537  -0.05116387335  0.09209499395  -0.02483327227  -0.06201286031  0.1578245477  0.1946556529  0.2763631036  0.7227000381  
-0.06711208353  0.1295681721  0.1463570544  0.126724942  -0.1936152943  0.03703562474  0.1180785907  -0.03394253436  0.2531299304  
0.07141227287  -0.1007807786  0.1476755035  -0.02890868707  -0.1665871099  -0.1261719295  -0.1180851868  -0.1376228672  0.2726304622  
0.006182311541  -0.122844004  -0.05726132254  -0.01457952499  -0.09248184584  0.1210651334  0.1045006778  -0.2594964198  0.07979100691  
-0.04128723356  0.1577389095  0.005306620702  0.03605594455  0.1794382566  0.2761489105  -0.09460402388  -0.5086299239  0.0737391093  
0.1264028698  -0.126759968  -0.01674168217  0.0218449764  -0.1717304054  -0.04656992339  0.1076646742  -0.2045053775  0.1978477929  
0.01150609164  0.08208669212  0.1791374792  -0.04603962968  -0.4599079172  0.2311006048  0.03684485392  0.0914720518  -1.067504051  
-0.07252384261  -0.01726616049  0.1959662942  0.1539688456  0.06561625418  0.2955540416  0.1482877684  0.2949296385  0.161068491  
0.000865657906  0.06648239535  -0.02889224617  -0.001982821158  -0.05108563571  0.03113818832  -0.05582171546  -0.3483620041  0.04201076938  
0.1266223514  0.003352269255  0.1408880428  0.03203287244  0.01736274492  0.1335956135  -0.08325197233  -0.1387467311  0.2944638235  
-0.06942650162  0.09180066373  -0.06741370134  -0.048633383  -0.1373646282  0.0190793015  -0.04740674772  -0.2171938761  0.1543773742  
0.102559175  -0.0293341143  0.01257171183  0.04058463209  -0.05088000494  0.1584533443  -0.006819335407  -0.2867916267  -0.009043011097  
-0.002534955238  0.01473133821  -0.03542700566  0.09647025098  -0.1468597752  0.03717753854  -0.1356897013  0.04729379889  0.2904034456  
-0.05553045708  0.08590510328  -0.01620312311  0.1921254589  0.0116217757  0.4760616223  -0.1742645684  0.4799918027  -0.8376146933  
-0.06042346211  -0.1591371775  0.09315496326  0.01464310756  0.03256847442  0.1181637939  0.1216099029  0.1342729519  0.3523414651  
-0.1339564991  0.1535886428  -0.1324577522  0.2392352602  0.02275373769  0.1705303347  0.2041201208  0.1235148752  0.3199891298  
-0.08883278227  -0.02155722093  -0.1142003032  0.07020534513  -0.1645091011  0.005560500117  -0.0259735924  -0.07250347707  0.1645049192  
-0.03627540493  0.1573359626  0.1164176695  -0.09294093339  0.1527765543  0.1954014776  -0.08987566359  -0.01306101246  0.3254022397  
-0.000441544394  -0.01260859001  -0.02654581104  -0.08676124836  -0.08346168269  0.1393997569  -0.004381366689  -0.06960123132  0.2817001466  
0.009871851742  -0.1091694442  0.08282941208  -0.05388113927  -0.1575665668  0.03996547462  0.1432366666  -0.1618504216  0.1126079448  
-0.02769541983  -0.08093634474  -0.3476936974  -0.3651331519  -0.1793781677  0.3265241724  0.0428417256  -0.4297257827  -1.327376697  
-0.03355767451  0.05748950036  -0.09115541565  0.01629707679  0.01532023587  0.2378091149  -0.2595538323  -0.01714414769  0.286801386  
0.002885237641  -0.04061849004  0.09700175842  0.05216076033  0.01618900307  0.2153196927  -0.02621184344  0.3617919789  0.6452224708  
-0.03488890622  -0.04276997085  0.1386973836  0.02836205368  0.07331217673  0.07459209188  -0.04071890276  -0.1225509672  0.1589940139  
-0.1440086009  0.06162519015  -0.07233185812  0.1009263577  0.02475891473  0.2230204494  0.1723850594  -0.2931781074  0.1322114871  
0.02210172777  0.0699526354  -0.1135656501  0.03156985986  -0.1860954844  -0.02407163854  0.01191334807  -0.1147490012  0.1177301339  
-0.180951773  0.1258482995  -0.1913546015  0.07554623287  -0.006214952124  0.2268411451  0.1833268243  0.2737917374  0.3309797294  
0.001966416055  -0.115972475  0.01520480312  0.06370564033  -0.04729604725  0.1405789879  0.004670434191  -0.3349224774  0.08800060579  
0.03485849494  0.1094394902  -0.02773338685  0.0304404776  -0.3111927389  0.1339946284  -0.08393793249  0.02304445965  -0.5185494095  
-0.0573715072  0.07751310453  -0.003385575685  0.08670610783  0.03171777467  0.2101887631  -0.1941540388  0.3534790354  0.5196639492  
-0.1185039047  0.03409237479  -0.08335681151  0.118474352  0.1419065738  0.1587625098  -0.03809368947  -0.03165376835  0.3956541312  
0.1233754189  -0.1464921255  0.01665803011  -0.02396448609  -0.1584264121  0.2765868424  -0.2947733496  0.2369992947  -0.9129076986  
-0.1306747072  0.09570641251  -0.01794564963  0.03320634018  -0.2492570599  0.004686104405  0.05798970714  0.1964554489  0.3584882232  
0.0734879923  -0.06015604832  0.08525503507  0.05534813012  0.06781964633  0.198211744  -0.06910393566  -0.1255937688  0.2696449085  
-0.04200186272  0.1016159556  -0.07921393229  0.09227855799  -0.01955007354  0.1825451544  0.2615528229  -0.3759348844  -0.2666152512  
0.06871261609  0.03029635757  0.1533963215  0.002928018798  0.1306098833  0.2692732394  0.0877483381  -0.2344591154  0.1814157869  
0.08360035822  -0.1486288088  -0.103557672  -0.06053011509  -0.01116603289  0.1894503709  -0.2007229557  0.2697511054  0.5162924907  
-0.00975185402  -0.2019780909  0.1149832784  0.2222493983  0.07623107586  0.1844289721  -0.0825817284  0.3792754753  -0.3246059034  
-0.1574633531  0.01222278205  -0.07935413568  0.117399179  -0.1552789038  -0.08346919363  0.04472645545  0.1881815818  0.2086105637  
-0.1088098358  0.04907163586  -0.02874632665  0.07831208572  -0.1563564192  -0.03402100895  0.07511617702  0.07517246808  0.3155873687  
-0.0070279825  0.02861407629  0.02486636631  0.0729847126  -0.2042947966  -0.04012092585  -0.06296069342  -0.3133867997  0.04354513545  
-0.03635375521  -0.1489076028  0.2423592134  -0.05567760598  -0.263821557  -0.07213541291  0.1082639716  0.1603796259  0.06534036211  
0.05576344882  -0.0855483654  0.1523567171  0.1561477398  -0.1124826814  6.819453484e-05  -0.2231267177  0.1812024445  -0.1263667951  
-0.05696998062  0.01619449693  -0.2449385069  0.07735145709  -0.1630925974  -0.00426247027  -0.2739398333  0.3662138189  0.6224329492  
-0.0429457164  -0.03577985499  -0.1590645885  0.01678673469  -0.1186423104  0.09144814864  -0.03830298973  -0.01768235095  0.2748229165  
0.09616606724  -0.1180538069  -0.09153151475  -0.05200229083  -0.03184058563  0.1033979405  -0.06238872348  0.2392160561  0.2791552308  
-0.01654384663  0.04711273104  0.01579349863  0.1497723542  -0.1359847635  -0.07821167643  0.2898313018  -0.1847308878  -0.05029432079  
-0.009788916952  0.04173398503  0.02419705418  0.03576700083  -0.04077141932  0.03319087404  -0.2100214949  -0.2682277656  0.1415191428  
0.003885557821  0.02714009438  -0.1002404589  0.1202335298  -0.1392797484  0.02413159843  -0.180330376  -0.06429239099  0.2991395091  
-0.05529954052  0.05469267491  0.05472167089  0.04185599667  0.1439460412  0.2518504973  0.07812143977  -0.494663446  -0.05376177317  
-0.0268824077  -0.0221536674  -0.1812259736  -0.03020282898  -0.1371159885  -0.1110937608  -0.0679770066  -0.3100204848  0.06003275784  
-0.1558143945  -0.07720075622  -0.1134832135  0.2467165919  0.2063214616  0.1178795426  0.3593418813  -0.01319463364  0.09690077549  
-0.2198986271  0.1249222365  -0.1461442018  0.1200059374  0.0892169436  0.172961033  0.2372747625  0.05576518216  0.268367183  
-0.03950360372  0.09169817203  -0.137685881  0.1633511859  -0.05395057162  0.1998880519  -0.05955802763  -0.1483578484  0.2249788993  
0.134377874  -0.07273049839  -0.03636238262  -0.04275952406  -0.0870751947  0.02749210551  -0.1958300348  -0.2268918513  0.1988311335  
0.006751608376  0.02600907247  -0.2703819149  0.1366249454  0.001176433071  0.1001812699  0.4313017567  -0.05584879228  0.02303250489  
0.1865683813  -0.1411972669  -0.1072377688  0.0115517235  -0.1842322396  -0.004005476996  -0.0942330395  -0.2148584839  0.1947400465  
-0.05348014181  -0.09335279812  0.1906418482  0.09901438452  -0.05719529896  0.04803361937  -0.09962205276  0.08760705997  0.3291856468  
0.08986139161  -0.06182328023  -0.01693574389  0.004331403929  -0.08296940563  0.08596886987  -0.000765218409  0.05650972138  0.2737326991  
-0.0248252839  0.1082314394  0.08952793673  0.1282702974  -0.09853836784  0.1560558421  -0.1136176854  0.1502524124  0.453199299  
0.1708818796  -0.06282899412  0.02862744479  0.09350890082  -0.1402375974  0.03965691368  -0.1164774987  -0.1617566403  0.1713862229  
0.05107724353  0.127201942  0.0841978507  0.06395926143  0.0584906809  0.1361567852  -0.05137033652  -0.4317094044  0.02547691082  
-0.004553443636  0.3026897866  -0.1244930807  -0.2221681295  -0.2964182178  0.2107904895  0.07655960147  0.215832652  -0.1401054979  
-0.04044096851  0.1326927053  -0.06113582814  0.1159292539  0.08409151672  0.2212683516  0.06612656458  -0.1273084425  0.3574310297  
-0.07083432251  -0.02100020317  -0.2924500308  0.01594003126  0.1773102205  0.3476963201  0.007024355197  -0.1659319839  -0.162103429  
-0.01905816535  0.06373085634  -0.1329983885  0.07390610186  -0.06013392211  0.03966465239  -0.01801898816  -0.2255536054  0.110724447  
-0.07694935264  0.004103753543  -0.03335347435  0.08767358139  -0.05030616588  0.07813256508  -0.0751460882  -0.118328927  0.1940417077  
-0.04402036894  0.04378723719  -0.1283765098  0.08057806579  -0.1158970272  0.08077007582  -0.112367747  -0.10311413  0.2201244555  
-0.06104030562  0.003772989367  -0.06459252019  0.0424547396  -0.2458573393  -0.1260221656  -0.05508864955  0.004457509243  0.284190618  
-0.04124846389  0.01694656918  -0.08973385445  0.07201929211  -0.1456048036  0.07258789373  -0.1091321819  -0.002559227428  0.2618345307  
-0.1245519523  0.09295458477  0.08165770756  0.2458821643  -0.09490778557  0.06335703009  -0.01863210878  0.1797965169  -0.2987379473  
0.05290466054  -0.005186573221  0.1263448915  -0.007790928324  0.04174201172  0.08040102704  -0.1997059969  -0.3893464677  0.1311380304  
-0.00297194363  0.04466224106  -0.1047176283  0.04471010523  -0.009705402154  0.06255040075  -0.1710555616  -0.1509231832  0.2452529813  
-0.06765962747  -0.1367711891  0.08263438591  0.04842468834  -0.1212765472  -0.0409557288  0.08652593312  -0.3380289998  -0.09244812478  
0.1005485124  -0.08984302914  0.07681047313  0.008402238804  -0.2857015016  -0.1885543265  -0.1904785668  -0.05046145734  0.2266408345  
-0.04950664428  -0.08405945748  -0.04934004417  0.005583317854  0.05091052529  0.1864332213  0.1778667393  -0.006348242213  0.1871959275  
-0.2176388313  0.04569740389  -0.08789610012  0.1184927912  -0.01121253378  -0.002596445719  0.3348654789  0.04958018431  0.2379910331  
-0.05437098998  0.07002585747  -0.02111847036  0.02555513683  0.05761424547  0.07454180666  -0.1647138029  -0.2749006246  0.2477612617  
0.04478972891  0.07461956803  -0.2221048046  -0.01609310155  -0.1447593324  0.07848086958  -0.1167172518  1.788391008e-05  0.2550693766  
0.03202846852  -0.03110481439  0.06024907145  -0.03550145671  -0.1578645242  -0.01062334132  -0.145363652  0.155170328  -0.02217996903  
0.02224714795  0.06123330317  -0.01932805623  0.01151674403  -0.05888564758  0.02963184802  -0.2448918991  -0.23770118  0.1894489542  
-0.09210747252  0.08946271968  0.008519727721  0.1144407839  -0.1671283393  0.002655054007  0.2103676781  -0.1308574998  0.2889614792  
-0.04951904372  0.025353352  0.02638199588  0.2467005523  -0.09324777883  0.06907549528  0.09322964347  -0.05733954684  0.1948043063  
0.06137689858  -0.01796296207  0.0543971194  -0.005692041125  0.1138564021  0.2260845493  -0.2803723207  0.1319396631  0.3110217746  
0.0159427976  -0.07147839426  0.0834734565  0.05049985299  -0.06299734399  0.0958225554  -0.1068819117  0.04597152584  0.4764207226  
-0.01894246523  -0.2249213409  -0.01541167582  0.02170931705  -0.05919482159  -0.009503380226  -0.05373915484  0.01566963503  0.2570731207  
-0.04799955158  -0.04194267043  -0.2840431203  0.0854677114  -0.1357708062  -0.003723972145  -0.1535718006  0.1426459442  0.4147682788  
0.06615358348  -0.1623741642  0.04364263932  0.0293123661  -0.2850440805  -0.009601002465  -0.06956466621  0.2583183008  0.2882730543  
0.04887776354  0.06555620624  0.05563002702  0.05882969881  -0.3097958909  -0.2187817986  -0.1886374179  -0.1988372277  -0.2049270857  
0.1211989801  0.07958886834  0.1286760287  0.2338793369  0.04005540788  0.5140272001  -0.2151084631  0.1992554443  -0.4394395412  
0.09133398585  -0.02376560184  0.04394062518  0.03875605504  0.1083413407  0.168995791  -0.1831063158  -0.4631691521  -0.0961672171  
-0.08922333108  0.002623947132  0.03754489204  0.2761091985  -0.1212178761  0.04840812583  -0.00995725512  0.3553553048  -0.2525185382  
0.003746171443  -0.1725218207  0.1443359836  -0.03907416312  -0.1999219933  -0.1604233166  0.07819448092  0.1545474923  0.246320374  
-0.04096033975  -0.2487098643  -0.149860815  0.07499982799  -0.07432885112  0.1925995829  0.2514381753  0.3043104705  0.4643405766  
-0.008044400004  0.03964101046  -0.03724351528  0.05162426439  -0.2418960619  0.03669200347  -0.1036480758  -0.26285076  0.06567278623  
0.01216102185  0.03384966127  -0.03409191452  0.06215717906  -0.006530742147  -0.01218668781  -0.1684626915  -0.02541868337  0.2927466064  
0.08482305901  -0.1394806671  0.06219682615  0.06330713464  -0.146536439  -0.003754617546  0.05678323538  0.06306991359  0.3246626035  
-0.08639615052  -0.07903287782  0.0116671235  0.1895591704  -0.03631236792  0.2438472015  -0.1436909065  0.123611918  -0.4995007807  
0.03936563428  -0.09804913222  0.06879628324  0.0903865885  -0.2740950814  0.002197278959  -0.07388352943  -0.08919918691  0.2116893734  
0.05645826358  -0.1074830282  0.09413464931  0.05307741778  -0.109266823  0.008896937952  -0.08006500498  -0.2500170171  0.1273543263  
0.1581331636  -0.03102132935  0.1291616859  0.008808246462  -0.1247734814  0.008469867523  -0.03071503897  -0.1503753212  0.1841456341  
-0.08971218779  -0.06844748911  0.1706459436  0.1482254959  0.06013645135  -0.06502389122  0.4163343499  0.1265311874  0.3639986342  
-0.09573455513  -0.2013837273  -0.06656527944  0.04502453377  0.09005898595  0.1415200524  0.1206117472  0.01742600319  0.273337103  
-0.0129086312  0.172276641  0.1787802603  0.02838599349  -0.002632656561  0.1579926228  -0.2458585094  0.2753911209  0.246823937  
-0.09745978172  0.006708999858  -0.1444021285  0.2232025764  0.03803697589  0.2146835674  0.1285459177  0.2867980199  0.3911612105  
0.05717551522  0.05781988095  -0.006034793139  0.07850225844  -0.1033607735  -0.07360952953  0.1269476126  -0.1319455776  0.1921346342  
-0.0007631262612  -0.09807991863  0.1300711837  0.04136839621  -0.2581300335  -0.1740664547  0.1800934726  -0.4684629617  -0.1526196385  
0.01018915324  0.03611918675  -0.1493816091  0.03153786811  -0.1109710626  0.01414509816  -0.1919189594  -0.03401412476  0.3533768789  
-0.02153731191  0.08837917612  0.07534342703  0.03196333517  -0.1010303043  0.009355236087  -0.1031640513  -0.4787101772  -0.04862551478  
-0.05249606783  -0.04957637143  0.06633598772  -0.2708949799  -0.2511852718  0.08871593568  0.0914256854  0.1160222053  -0.5426743317  
0.1580834798  -0.1265491058  -0.06814666509  -6.443305446e-05  -0.2587686818  0.06745444617  -0.08833251004  0.1794771902  -0.4617222017  
-0.07593561494  0.06528738742  0.08904642378  0.0620927269  -0.1147146875  0.178870057  -0.03065539439  0.1627317835  0.198210242  
0.1121914547  -0.08742073613  0.02513732442  0.001960003326  -0.1011343157  0.0359872779  -0.003978346455  -0.233575688  0.2314904543  
0.1035098308  -0.02111483794  -0.07580508645  -0.2216603582  -0.03701776772  0.1598879826  -0.2097330658  0.1060615415  0.3011623378  
-0.1204147718  0.02719421482  -0.06021061706  -0.05745545005  -0.1467735445  0.04392335781  -0.06652872273  -0.1017672069  0.07880678961  
-0.06592732907  -0.184628964  0.06090838938  0.1697687857  -0.07568456008  0.08473576225  0.06385336844  0.06661868413  0.3154327623  
-0.008441391207  0.03025677271  0.01642596811  0.01157296517  -0.154376583  -0.0310441397  -0.1498804349  -0.2131378041  0.1082928642  
-0.01102139585  0.07834777247  0.3489915436  0.1139021783  -0.1679894837  -0.1001675051  0.2654648613  -0.04182321146  -0.7904668732  
-0.03635806456  -0.1895572577  -0.04785009941  0.004742401025  -0.08271982356  0.07786073346  0.1132669428  -0.09433948394  0.2200563744  
-0.04398381462  0.05211229138  -0.04351122854  0.02216878894  -0.1028117052  -0.03116795888  -0.09001869034  -0.1882232304  0.1894504857  
-0.09163131325  0.09172510776  0.07104936327  0.1265743533  -0.03908561397  0.001007418329  0.3109988405  -0.3831327179  0.03516851394  
-0.0692585798  0.09972799266  -0.02556761382  0.1201687111  -0.09584621725  0.07030491825  -0.04176326481  -0.02721359723  0.3181401586  
-0.1155680296  0.05822098215  0.06138521771  0.1461560129  -0.09007701935  -0.03586483622  0.08437403383  0.02135302031  0.2513021582  
0.01186070008  0.06405964433  -0.04280795223  -0.02285538085  -0.1507885921  0.02676067143  -0.02666656366  0.02405745505  0.3590623819  
-0.01209819079  0.02600296866  -0.03459410771  0.07549730423  -0.1385363054  0.01542127469  -0.06204208147  -0.2995886168  0.03417901769  
0.003165300928  0.02448660691  -0.08655903612  0.03150592369  -0.0631140308  0.07016472958  -0.1533746355  0.04229804361  0.3548137356  
-0.07447739287  0.1190311673  0.02259959295  -0.01440028515  -0.1382753487  -0.02612042597  -0.03104722649  -0.1679557157  0.1623634975  
0.01325325858  -0.09044047459  0.1367893451  0.001466068345  -0.04516074596  0.02606272919  -0.05789533723  -0.3513276641  0.08836471094  
0.0007845131529  0.1418942993  -8.231399061e-05  0.1134431416  0.197960891  0.2910543262  -0.0602479937  -0.1685227353  0.06464809967  
-0.1186359552  -0.009757054092  -0.02617170529  0.1980954893  -0.02786567977  0.05912794127  -0.1562830643  -0.1549590178  -0.5386292165  
0.004207506723  0.2927554354  -0.05812948954  -0.2662422107  -0.4293008966  0.0607730979  -0.09699693934  -0.05710780007  -0.8686978982  
-0.01018058048  0.1008578509  0.06028453707  0.02239390006  -0.1082903774  -0.04327294863  -0.201443956  -0.1242153047  0.2352380658  
0.17124478  -0.1547880278  -0.08464123341  -0.003107060071  -0.03362890216  0.1315015527  -0.1020300712  0.1062243394  0.4431475783  
-0.104753502  0.1647638314  0.0155572587  0.08305660531  0.03501912893  0.1298873108  0.2917816581  -0.5027876583  0.03655016853  
0.2467840342  0.007473498335  0.04213691413  -0.02855190473  -0.1814882864  0.1286921695  0.07005219026  -0.3066513403  0.0152901928  
0.09544733105  0.03230697969  -0.1946965047  -0.2053133978  -0.1799634286  0.2610187419  0.2202717922  -0.2240180529  -0.5926394888  
0.01771293831  -0.09203241834  0.1445510057  0.005110876914  -0.1851107758  0.0297142819  0.07358588688  -0.2779363562  0.08554731196  
0.09257392597  0.02430771262  -0.1031504765  0.07540548578  -0.2507340265  0.01738437448  -0.07984803209  0.1385347083  0.3041252504  
0.006175735456  0.2118291143  -0.0596461466  -0.08877306755  0.1217651333  0.1337577063  -0.3518012739  -0.2913801374  -0.8492721465  
-0.1157298182  0.1294770366  0.01643070099  0.09871827545  0.1414955184  -0.2462678813  -0.1267166632  0.02588818231  0.1474329477  
-0.08035432477  -0.2147551736  0.05412111103  0.2123160869  0.1490368844  0.1177189963  -0.2820285522  -0.2003282329  -1.087012173  
0.1204602648  -0.2121064708  -0.1562200755  0.1102561827  0.2949266276  -0.209339903  0.2868960599  -0.3723085171  -0.7188295835  
-0.0778065563  0.08198232925  -0.06003633203  0.1866312051  0.2244858853  -0.1633569773  -0.2385331745  -0.1622940761  -0.4002474473  
-0.1178100054  0.04459796378  -0.05812327084  0.1256721372  0.04704469225  -0.3839226367  -0.1858913606  -0.1269562881  -0.02333057058  
-0.08850898862  0.05682663745  0.01300837066  0.06110629767  0.3012611743  -0.1463819546  -0.1828031395  0.1587141985  -0.5133386795  
-0.09565634959  0.1577619828  -0.003040878113  -0.0313205903  0.06711120814  -0.4584404575  -0.07254853772  0.1021563198  0.2161426476  
-0.13987846  0.1521961318  -0.05413389274  -0.06209657943  0.08227637864  -0.3206784327  -0.09300950621  -0.08374802383  0.1313987429  
0.1036345176  -0.1074069923  0.1214446937  -0.003358582706  0.1657465834  -0.3812331237  -0.06933980096  0.04654058287  0.02769024741  
0.06022111179  0.02956768786  -0.01537483758  -0.08303456374  0.3102211011  -0.1242424202  -0.2232609945  0.04259218156  0.2316472065  
-0.05824408613  0.2309189584  -0.02751642021  -0.1327787172  0.09664228411  -0.3247342902  -0.3572957382  -0.04327368405  0.02661636677  
-0.01771073544  -0.02677182774  0.0379816096  0.05973408451  0.2651124322  -0.2930342795  0.0828134702  0.2518050297  -0.1109175832  
0.01444207679  0.1126094048  -0.2137498158  -0.1021137817  0.06263133074  -0.2534252546  -0.1732647741  0.2704552066  -0.8764854162  
-0.06226163894  -0.1180096862  -0.1230382092  -0.04704590232  0.2586872023  -0.1888726996  -0.4266327928  0.1830079967  -0.1677692519  
-0.02039225145  0.004297602562  -0.02415155828  -0.01122010324  0.300161556  -0.1730494752  -0.09399193379  -0.1461252552  -0.3512071235  
0.009096622275  -0.1618770732  0.03610265301  -0.07050771912  0.2035582805  -0.3270813081  -0.2866521281  0.09777657358  0.2239687347  
-0.06095550638  0.0715167209  0.0250375987  -0.02765327168  0.1596846236  -0.2527144961  -0.1706282548  0.1703300582  0.1717796433  
0.09849762166  0.1710908384  0.001873475033  0.006883206908  -0.0845724311  -0.3258115736  0.1460500415  0.08737079377  -0.8438714248  
0.3606889162  -0.06719598795  -0.177020865  0.005801277896  0.2339690353  -0.4173233554  0.516818674  -0.5130471808  -0.6850297381  
-0.07537505705  -0.1362970987  0.06539841479  -0.01567611943  0.1883989897  -0.2120953062  0.204383202  -0.4052773479  -0.2202637361  
0.009139789141  0.1277382038  -0.0377073569  -0.01852720929  0.1938235271  -0.2205817807  -0.343276326  -0.1704115288  0.115040129  
-0.02892533384  0.09189806677  -0.1064683951  0.04759872927  0.1215949206  -0.347568168  -0.230143983  0.1579433045  0.2159088899  
-0.04162629843  -0.06086425073  -0.02253195037  0.04253432254  0.3102686193  -0.03077105655  -0.2549075434  0.1627305307  -0.4833830862  
-0.06951814207  0.1935795914  0.02344517189  -0.01313918103  0.1380925211  -0.2810301749  -0.2251717483  -0.4375017379  -0.04445983045  
-0.09856408134  0.0305976436  -0.2828985378  0.01344559866  0.1434255984  -0.2244346906  -0.2921600426  0.1477768901  0.1324076096  
-0.08348562228  -0.1770754009  0.06466115435  -0.0210499893  0.1368605879  -0.1871921115  -0.114425902  -0.1332850181  -0.03451314286  
-0.009545518489  0.1741686053  0.08644906005  0.04792038699  0.1204754269  -0.2367224192  -0.05916005014  -0.6098598854  -0.244601348  
-0.02843445452  -0.04617600043  -0.0002264121263  -0.03484665009  0.11529461  -0.3919809091  -0.1918718997  0.005915217342  0.1339899308  
-0.07636319388  -0.09546620135  0.03372752525  -0.080951697  0.1099926329  -0.181717124  -0.2348881282  -0.5162963198  -0.1216388569  
-0.03910625739  0.04046698117  0.005038806805  0.06328606213  0.0335047668  -0.2424586763  -0.2866673739  0.006952863917  0.1793373208  
-0.0907768221  -0.05067938868  0.1666110911  -0.1204254668  0.04247554686  -0.4075102615  -0.05061806854  0.1708432039  0.2223844807  
0.02825993174  -0.1129619016  -0.133080266  0.05614892196  0.1526198933  -0.2635848416  -0.1996821457  -0.1104043075  0.04712236383  
-0.1375426455  0.005721154878  0.09473653158  0.2538482673  0.2518687299  -0.05019604032  -0.1556088676  -0.1451437757  -0.561826573  
-0.07624476602  0.08906307784  -0.03699242691  -0.1068028767  -0.1540318954  -0.4187162687  -0.176774029  -0.0956794467  -0.06865982243  
-0.03983906791  0.2399786615  -0.05329448528  -0.1891649226  -0.05360824048  -0.4621100274  -0.1154703093  0.3995658523  -0.3304311946  
-0.02233522686  -0.08225703588  -0.03896124087  -0.07733628936  0.0425154657  -0.3187088179  -0.1947718816  -0.3630660339  -0.03146484217  
0.09843493054  0.3273215826  -0.1540943332  -0.2241157687  0.2372825535  -0.3679569973  -0.6010357431  0.5194509235  0.4694701708  
-0.0805553325  -0.08824058391  0.06044766321  -0.06739476816  0.0905992281  -0.3659988866  -0.2235028949  -0.3032572905  -0.08488640431  
-0.01579414964  0.1717689921  -0.2278449681  -0.001951239221  0.03165675931  -0.4666108371  -0.04342360665  -0.0268056668  0.09348834767  
-0.04492990809  -0.1402925131  0.0380904341  -0.008114904783  -0.02381016757  -0.2925936173  -0.1920851632  0.1555847573  -0.6621893291  
-0.3166939765  -0.1219490216  -0.07811225902  -0.1394317138  0.07540345614  0.08099103143  -0.07475464623  0.4212462036  -1.066761693  
0.04505301053  -0.1563218214  0.04908629699  -0.07331352713  0.01894873688  -0.2869982379  -0.02088078996  0.2390134078  0.1563167255  
-0.07219872142  -0.08330147556  0.03230566072  -0.02669947329  0.1398851547  -0.2874218414  -0.1048072108  -0.3067953665  -0.09101434128  
0.1041322134  -0.03265074315  -0.1062850054  -0.1132727069  0.1263095225  -0.3919792902  0.1299339571  -0.0405518963  0.1859293418  
0.1249600126  0.05861376441  -0.1355050182  0.1867139843  0.3751246123  -0.263573384  0.155998304  0.1038113506  -0.04365588173  
-0.1139406502  0.06623834552  -0.1071112547  0.298049422  0.2624981316  -0.1064089422  -0.3767883067  0.6260683807  -0.8721719556  
-0.1304956082  0.08702897977  -0.03479644725  0.1134669046  0.2115540973  -0.2336132032  -0.2066641062  0.453263701  0.02613946525  
-0.1384301506  -0.2141540904  -0.1193620285  0.1466069401  0.0713308565  -0.1412890403  -0.190462163  -0.3796225655  -1.109703631  
0.1013379658  -0.0373461605  -0.08990459981  -0.07870610633  0.1332306431  -0.3014429199  -0.1554075052  0.3256184119  -0.2531911328  
0.0430616695  -0.1597676969  -0.02587086716  0.0293873513  0.04536575464  -0.02455364249  -0.2524286588  -0.01254550662  -1.005238238  
-0.151338757  -0.1218859068  -0.2185129872  -0.1253344058  0.04525160904  -0.1040437616  -0.1294587527  0.2108399648  -1.096696097  
0.1237084293  0.1341695859  -0.08594198946  0.0671373805  0.1372656047  -0.5791231374  0.4431417882  -0.09319775618  -0.2206170711  
-0.1369428602  0.08165027313  0.104282018  0.3659914562  0.09853574761  -0.3026809645  -0.2626568637  0.6006080366  -1.123426569  
0.03398199403  -0.05493638968  -0.01749805967  0.0525892669  0.08675603583  -0.4513008593  0.1976102876  -0.02623739971  -0.05406886268  
-0.1048556753  0.2157278088  -0.01102029373  -0.05900811113  0.2336340148  -0.3630884074  0.1914223917  -0.08847171008  -0.03356349649  
-0.1200531523  0.06828621419  -0.144848072  0.04328214554  0.04308619421  -0.3692487927  0.1403013134  -0.2060650552  -0.1393738859  
-0.04770976328  0.08899945427  -0.05345641602  -0.01258381149  0.03809290719  -0.1769590422  -0.2550052713  0.1760423416  -0.447146574  
-0.08414079356  0.04017212083  -0.2389001616  0.08622450888  0.05017376051  -0.0196961622  -0.2234688463  0.2345997487  -0.6317478052  
0.1786689794  -0.1429123267  0.05259571761  0.1248034502  0.3119241678  -0.3630963934  0.3909842148  -0.1077743367  -0.1192252337  
-0.2468022474  0.158622153  -0.1072939311  -0.3625762054  0.02828970265  0.02786264514  -0.06957730671  0.3546622653  -0.5215111977  
0.08265200105  -0.05603691658  -0.003319932523  0.05448496542  0.1139358163  -0.3054414181  0.1365372098  -0.0806200295  -0.53237386  
-0.1041699213  0.002115753528  -0.2108271753  0.03555494155  0.123307281  -0.3503076035  0.2266638122  -0.05422616341  0.2085041566  
0.1005329529  0.1346182793  0.04600117383  0.04043940613  0.1658457307  -0.01147657821  -0.06454553177  -0.0003063067328  -1.362067104  
0.03646042695  0.1401871244  0.0545318591  0.1696584945  0.104712391  -0.26037112  0.1658506232  -0.580601671  -0.5487644644  
0.06274138317  -0.2389863437  -0.0310288962  -0.04502451996  0.02548698673  -0.2686030314  -0.138827104  -0.08944673637  -0.9146616555  
0.1109655949  0.2346601864  -0.1759329715  0.2325728629  -0.01989406326  -0.43814074  0.08996354405  0.1927296596  -1.072677817  
-0.01640265926  0.03282652153  -0.03817829738  0.1362102085  0.06196870552  -0.1654545084  0.0622756661  -0.2262153832  -0.3522663545  
-0.05990819431  0.05161358312  0.1289379658  0.2306644322  -0.09512024507  -0.2383409545  -0.1287665725  0.4141638992  -0.7761918317  
-0.1801877883  0.08974928141  -0.09172068134  -0.1024577074  -0.04624400333  -0.1420479496  -0.1629400338  0.3780593051  -0.0805547363  
-0.1435268558  0.07036161747  -0.1553892879  0.05752828992  0.01940534905  -0.3951702052  -0.1640634316  0.07523852768  -0.1033583521  
-0.005611038675  0.2160140832  -0.05926876326  0.003115095975  0.08488390449  -0.3787919192  -0.0004474195675  0.09636576279  0.2293317741  
0.03287772211  0.03997784998  0.181666477  0.01711261586  -0.07476434351  -0.230655333  -0.1032192146  0.3956290855  -1.277508008  
-0.02798087086  -0.05844159863  -0.007915251482  -0.1993158824  0.07318148053  -0.4018376495  -0.2526650868  0.06654874546  0.1758673277  
0.06238363863  -0.05886295299  -0.0564247325  -0.08988751614  0.08502504557  -0.4746235982  -0.07818673629  0.1269020187  0.2248476573  
-0.01834618339  0.1304185915  0.02998426202  0.4112199627  0.2596326326  -0.2975333626  -0.09051609634  0.8723007412  -0.9165591242  
-0.03468518314  -0.053751486  -0.1132685699  -0.2147425543  0.2675299349  -0.375859768  -0.003970864251  0.3324152758  0.3615922051  
-0.1327825062  0.04547772262  -0.1723762094  0.01685198601  0.07280499991  -0.2226578834  -0.265211875  0.08060388434  0.1006799323  
-0.02832695419  -0.0978871693  -0.03472467485  -0.02890276743  0.1792376426  -0.4828210705  0.01164409051  -0.04085936845  -0.03656217659  
-0.1318377839  0.02513592511  -0.1668679099  -0.06036354074  0.04576183993  -0.2950177848  -0.2500872571  0.09527187136  0.1888055036  
-0.08271574878  0.06956451244  -0.1013704909  -0.01890809239  -0.02830241236  -0.3713436903  -0.2370203802  -0.03702413118  0.081040065  
-0.06180708738  -0.02034637592  -0.1363511563  -0.7819772849  -0.08690103713  0.05490008964  -0.009877922514  -0.2513839661  -1.227372989  
-0.0008046689118  0.2022118006  0.02988605043  0.08307742661  -0.0654925537  -0.3986114728  -0.04063099085  0.08006108749  0.07160670241  
-0.1361419049  0.3230846562  0.03855780734  -0.1267392054  -0.110664421  -0.3303025386  0.05709224009  0.04642062896  -0.1967664047  
-0.0131929689  -0.1513484736  -0.1102935292  -0.1039536202  0.2513891237  -0.2507966219  -0.2058748177  0.06128397004  0.1716341167  
-0.07520444511  -0.09008980356  0.04022702424  -0.1400500899  -0.007427532963  0.0007613236613  0.07488599168  -0.2273194439  -0.04581202462  
-0.02767168474  -0.01553967973  0.1565474769  -0.1001467362  0.2693866612  0.2185758478  -0.06899192342  -0.2538893712  0.1550140751  
0.1984528877  -0.03025919421  -0.2749795775  -0.02937528931  0.03872236406  -0.2660010114  0.4614541622  0.1485182682  -0.07840087367  
0.07644964841  -0.187879104  0.4266283982  0.07158004375  -0.09628452855  0.0542106452  -0.3195845162  0.5257861949  -0.8822355129  
-0.0375754887  -0.2076727574  0.1232296815  -0.2621629998  -0.1146280284  -0.05248951673  0.2847813573  0.007956658436  -0.02812111001  
0.05413369818  0.09074827229  0.3332463318  -0.1410842107  0.06864377866  0.09845293272  0.3237546261  0.4425127265  0.5075827092  
0.2145347885  0.03864195198  0.03461658373  -0.1215195979  0.1304308555  0.06503011796  0.2093965228  -0.3802831181  0.004952524407  
-0.166384388  -0.07574132471  0.02058649697  0.09593917381  0.06798870707  0.2432939059  -0.05274983801  0.2621847704  -1.289999541  
-0.1055488312  -0.1002954334  0.22863356  -0.1059745631  0.08544886571  -0.009539901075  0.1468732836  -0.2824141406  0.02773786757  
-0.1613092422  -0.0003542461171  0.01779869086  0.03109357249  0.004448323552  -0.1552038038  0.1960352479  0.3731715584  0.348879189  
0.0443834045  0.02692431556  0.1085870125  -0.07265043751  -0.01456419388  -0.2361774119  0.1911488201  0.03059420805  0.07033283347  
0.2672464672  -0.007081853149  -0.1721777472  -0.254654375  -0.006811659859  -0.1194806112  0.2608661347  0.1285854729  -0.2373329759  
-0.1752776749  0.05484113748  0.04489561116  -0.08651989283  0.1311560447  0.1090146151  0.2473956549  -0.09969878613  0.1397990691  
-0.156759089  0.09172990711  0.08862263863  -0.02523106662  0.05813808371  0.05889223852  0.302374093  0.4382284969  -0.3957478998  
-0.1570164009  -0.1716479016  0.1757174824  -0.1806653709  0.2648561533  0.005813249688  0.2206827234  0.4656230736  0.2959517597  
0.03754279883  0.04102257063  0.1396347395  -0.178527531  0.1252740804  0.09593789772  0.1187849385  0.08056797665  0.4195810438  
0.1800797639  0.3046898985  0.2348770524  -0.1480861034  0.3867270392  0.3500162475  -0.05157365  -0.2925553723  0.3644338665  
-0.007720196119  0.07631151761  -0.05550529942  -0.2583141443  0.203715721  0.1953936641  0.09388897802  0.03737444968  0.2781151075  
0.278274874  0.163689122  0.02339108344  -0.04778268722  -0.1330818492  0.1343689421  0.09483716242  0.4547371612  -1.186382442  
0.09364314439  0.02621913398  0.2103013385  -0.04825007377  0.09757027583  0.2110940118  -0.06850064468  0.3426547453  0.6103494343  
0.2630191672  0.1187478953  -0.054069409  0.06200739734  0.07538280608  -0.1756484003  0.6215015917  0.5774365642  0.1278347598  
-0.03215191323  0.09458546794  -0.08569580102  -0.1413973824  0.04922145886  -0.08967895909  0.4679336296  0.2357151056  0.4033966724  
-0.194164237  -0.3422013832  -0.004689346201  -0.1146925184  0.1713852025  0.2300865972  0.09151428604  0.1065591169  -0.8650455483  
-0.1128401568  0.2181165085  0.05729522213  -0.1049115216  0.02423495573  0.004742763176  0.3918129066  0.3346928742  -0.1866416289  
-0.2318327804  0.2122783361  0.118421934  -0.5009219575  -0.1572053186  -0.08397420316  0.4959958629  -0.10455778  -1.144624604  
0.2966996896  0.1401375184  -0.03308711585  0.1188733887  0.3898836178  0.09197279608  0.248297831  0.06715338588  -0.338040953  
0.1219948487  0.1255461301  0.04544990957  0.08381998034  -0.2234833018  -0.08876218061  -0.001225909209  0.07139388287  -0.5593554753  
0.1440995847  0.05925156003  0.1639297564  -0.1002438658  -0.03284860932  -0.009950782853  0.2532977501  0.152557793  0.3170477436  
0.03266984942  0.1739521632  0.09042752685  -0.2969864017  -0.08844582974  -0.02841611234  0.3933044808  -0.1178810549  -0.005757353867  
-0.01754354088  0.0238848967  0.01646926868  0.001045928657  0.07363241196  -0.01038214677  -0.1250280452  -0.04000032485  -0.004666219736  
0.0494737463  0.07902698589  0.1354552128  -0.1260046271  -0.03788802333  -0.272162269  0.4159134548  -0.07811039878  0.1317151823  
0.04053553079  0.1720069396  0.09127188632  0.07804768125  0.05459470363  0.3651905644  0.00246491233  0.7560185017  -1.204022991  
-0.1737666225  0.1111054543  0.09943080178  -0.02084620422  -0.04925490371  -0.05846147195  0.05291494599  0.1985328392  0.2721600905  
-0.1665410943  -0.2644098022  0.137311614  0.05148595707  0.08201601813  0.04854708164  0.04106692452  0.2849501751  -0.5370645987  
0.1223945136  0.09271122234  -0.03173375362  -0.107357146  0.2443196829  -0.04494232211  0.5637323889  0.0249243791  0.1991218238  
-0.1241628584  0.1858338511  -0.06313768864  -0.2700621977  -0.02972726324  0.009258440565  0.3609575781  0.1256745451  -0.5736283866  
-0.1692119431  -0.259426388  0.1485787147  -0.5478624511  0.06116804149  0.2755473648  0.0007108984601  0.2718896895  -0.5599015107  
-0.1793961174  -0.04051388341  0.2178474931  -0.1150831469  -0.0009286460329  -0.1908046442  -0.07440979181  0.3169273222  0.4058140892  
-0.137449853  -0.2266545671  0.2678211732  -0.1552749825  0.1366886009  -0.04553436613  0.1298083734  0.4849805188  0.4862326253  
-0.143001679  -0.1101592637  0.4457704544  0.1499654431  -0.07085376066  -0.1929179355  0.2933823068  -0.004510586615  -0.5138088463  
0.07497096412  0.247927753  0.02480930447  -0.1329032281  0.1589547423  0.004660247799  -0.3539831647  0.2225145956  -0.2580923828  
-0.08870014804  0.2073466963  0.0807239593  -0.1340760054  0.03123735827  -0.0337994204  -0.009437026905  0.06450896871  0.3482076576  
0.01266238483  -0.1057470967  0.08943366563  -0.007809652268  0.04054248222  -0.2478226485  0.1822623037  0.2902422667  0.1856183562  
-0.05075490316  0.0730672781  -0.1707914434  -0.09693321555  0.1153851502  -0.09546849027  0.1500487689  -0.02941015367  0.1355869122  
-0.01265838233  0.1090845196  -0.1219293994  -0.1638747101  0.03110372225  0.1129168026  -0.09500514064  0.482681461  0.5175847854  
-0.1086399018  -0.3823895708  0.1342799036  -0.3492749947  -0.1009624265  0.1865233793  -0.2298453291  0.4323672493  -0.354959618  
0.1214165945  0.1512747817  0.1000784331  -0.2104365028  0.04713313024  -0.04970363139  0.05020848035  -0.1641345773  0.128959383  
-0.1240211141  -0.2452577871  0.07464112564  -0.1512992543  -0.03317452532  -0.06897808919  -0.09664229071  -0.05129284081  0.0706659973  
0.02109558642  -0.2106643226  -0.09714492671  -0.1366253865  0.2493842697  -0.0115580287  0.3344526511  0.05978759609  0.2564688701  
-0.01004805377  -0.08070444908  0.1794035995  -0.1760616059  0.2489621106  0.04837330626  0.02403858275  0.05095361386  0.3317672551  
-0.05961579194  -0.1018127429  0.05024769472  -0.06303022093  0.08400865021  -0.002895131591  0.09413020094  -0.2517562152  0.02025965068  
-0.2334972483  0.01342696009  0.1791188808  -0.1261425609  0.2706364893  0.09303416224  0.3144915234  -0.1691251918  0.0640704354  
-0.1307386065  -0.0122743953  0.08303091619  -0.05602930611  0.008081279565  -0.01857356325  -0.1113543384  -0.1559015733  0.09338265821  
-0.04325196729  0.1486111708  0.2407016076  0.05135946167  0.1492157457  0.04865689491  0.1876892341  -0.1558589778  0.1108127036  
-0.1301469148  0.008499796197  0.07391113839  -0.03055601994  0.2541990686  0.1561414344  -0.170777166  0.2273713512  0.1532642376  
-0.1018595236  0.1152516588  0.1491888102  0.02740198003  0.08889957703  0.2211240267  0.3040746514  0.08066398084  -0.9559815484  
-0.1321575256  -0.06808600333  -0.2542087207  0.05261819761  0.1168143259  -0.02291776783  0.2877368808  -0.06769932443  0.0719871958  
-0.2087915589  -0.00495836579  -0.0001040380634  0.01861031054  0.08629958932  -0.03874693076  0.2163305421  -0.002030120062  0.2251695014  
-0.07632230673  -0.2117998138  0.06430029181  -0.2146137569  0.004151225165  0.07599014101  -0.03000677891  0.1038003081  0.3565930342  
0.1922586333  -0.05299606382  0.1323671052  -0.1215049782  -0.2280578706  -0.02319877774  -0.06365622404  0.3732624508  -0.5337761061  
-0.1583301529  -0.03438973394  -0.0135040998  -0.06629404839  -0.1219568809  -0.05633062917  -0.09807094077  -0.1203175201  0.0747073506  
0.06336260947  -0.02074257308  0.0198755378  -0.03938915736  0.2568014897  0.216504243  0.002014677605  0.224275463  0.4042836864  
-0.1597192671  -0.1010241853  0.1739633057  -0.1449716468  -0.0181361448  -0.08317701179  -0.1044572074  0.06456411155  0.2715967786  
-0.01219897902  -0.1237393708  -0.1055440022  -0.1035640666  0.1399110638  -0.0818085353  0.4209150345  -0.2157850462  -0.06962187573  
-0.27660347  0.0262554697  -0.01137470048  -0.03326861406  0.08150535041  0.01478151392  0.06537035089  0.1903040433  0.2842715376  
-0.1699381879  -0.1240726055  0.06728969282  -0.205736211  -0.1219661014  0.01831433479  0.2592144938  -0.6518314121  -0.3930602589  
-0.1545140459  -0.1117125495  0.1737695766  -0.1725850478  0.09979719241  0.03313480216  -0.06386740171  -0.001598380822  0.244101375  
0.1767666489  0.007302975304  0.1719921188  -0.1775247132  0.002773521717  -0.1640969422  -0.1323229094  -0.1458939042  0.05605661002  
-0.02973526605  -0.1677900532  0.03472417276  -0.1805660759  0.02113243108  0.03254778193  0.09161517753  -0.05563843944  0.1006061016  
-0.08280518486  -0.04407714488  -0.1001972839  -0.07005071869  -0.05550858207  -0.1168857294  0.3483127455  0.1685299012  -0.1113690696  
0.2419705169  0.1740793061  0.04328244426  0.01218566527  0.2004462019  -0.1662825886  0.5539627365  -0.2768529113  -0.1312576939  
0.179539903  0.1286135226  0.1446636815  -0.2210258157  -0.1151360797  -0.1167781117  -0.1868685078  -0.1873333696  -0.4683946834  
0.1470441417  0.1275143206  0.1686678853  -0.03566878328  0.07662409086  -0.13116324  -0.09021446235  0.3824219601  0.5768189709  
-0.1607751004  -0.1529584284  0.08247570101  -0.150288644  0.05384987524  0.004148657607  -0.0211875039  -0.05876273624  0.3079519505  
-0.04872206007  0.04328123422  0.1689629628  -0.5947263738  0.004190899637  -0.05015317754  0.2337408614  0.1355246022  -0.3362129129  
0.2054198281  0.09347679362  0.1008288681  0.0474131276  0.2986970286  -0.0710817947  0.5106240151  -0.2933511367  0.05411903232  
-0.2012049629  0.03792795072  0.08986584573  0.03159781018  0.2862447625  0.1542262937  0.2028098933  -0.2407134338  0.1125601218  
-0.3102215953  0.1488519313  0.1678724645  -0.1658016724  0.1959916571  0.1588886409  -0.09493066575  0.4148682484  0.5977644493  
0.1778440642  -0.0222150411  0.2361074263  -0.1447157217  0.1298712617  -0.2287518672  0.1041014235  0.443418196  0.271149828  
-0.03665047408  0.0482588876  0.1280444753  -0.02867189815  -0.1415279203  -0.2636858698  -0.05247738728  -0.09597697603  0.002055110857  
0.01701530819  -0.142048189  0.1681772182  -0.1327898  0.07757627867  0.09866485894  -0.03980692094  -0.04771754889  0.2039776102  
-0.07985601521  -0.0584225165  0.2015562351  -0.01622350942  0.3487460334  0.1782237386  0.4323770672  0.09916032417  -0.02734041458  
0.1034060861  0.01724099169  0.2615875178  -0.1935361922  0.012761402  -0.3118327613  0.05183387924  0.2698921778  0.5105346939  
0.1640566589  0.1241277563  0.06536114447  0.04497768757  0.04491542992  -0.127043438  -0.2686131958  0.6560683255  -0.6783347195  
0.0100216884  0.05912577507  0.1852961752  0.03623416326  0.1029844527  -0.03445278893  0.1294773266  0.1604665944  0.3097326541  
0.08239714427  0.05355617689  0.1930088721  -0.1978795141  -0.1480872908  -0.2955711304  0.1792356386  0.3602773746  0.498820901  
0.008279848366  0.04383039625  0.2603925842  -0.08540607904  0.08885733894  -0.122863441  -0.2182860629  0.3373072606  -0.3018832628  
0.03915557754  0.04177316155  0.01556399051  -0.1243909447  0.09145755173  -0.1303987132  -0.002230443513  0.4267519553  0.4782338732  
0.1054901986  -0.03405365294  0.1249976547  -0.256919132  -0.186963871  -0.1394204802  -0.04372551324  0.3092352249  -0.3558655041  
-0.09937994228  0.06076372517  0.2685872267  -0.2196135257  0.02512036187  -0.009577695113  0.2028790516  -0.1266620926  0.2465492198  
