0.7036195167  0.1415918173  -2.927292104  0.424611087  1.459257409  1.73923821  -1.349821758  0.5014824866  0.7923308075  
1.739025915  0.6054161002  -0.6848022122  3.01659481  1.384464399  1.689684982  -2.307801231  1.894013678  1.780632377  
0.915298325  0.09845960543  -0.1947223399  1.670026869  1.407130492  -0.3394368925  0.3860035354  0.3797056808  -0.4029795122  
0.04315718668  1.433252469  0.8278760512  0.5042810205  -0.9541729654  -0.5955197448  0.1464858684  1.077401425  0.4735210356  
-0.811466573  0.7572702502  0.9489260387  -0.08666040761  0.201563488  -0.2593436284  1.107720063  0.4898328693  0.4004574816  
-0.8518950635  0.5884048035  0.3737128967  0.3064820537  1.354508796  0.1066204829  0.05828299071  -0.610533433  -0.6459851482  
-0.4946977619  1.063766093  0.06996017718  -0.7478002965  -0.2549408725  -0.1792813896  -0.5471738527  0.349686664  0.3878566787  
-0.760731142  2.459176872  1.197319178  -0.2236727614  -1.911047345  -0.692355466  -0.798307657  1.026756471  2.170914466  
1.812318463  -1.059973652  -0.3412643972  1.128254008  -0.1466064569  -0.7680286865  0.7219663229  1.62674793  1.067492467  
-0.4032351882  0.3661710827  0.6951403979  -0.3810838598  0.07904282678  -0.1266371459  0.7621453185  0.0176073809  0.1899743533  
-0.7216193782  0.8378648974  -0.2089346696  0.4291994407  0.3392138019  -0.6400609594  -0.5834147689  -0.224375126  -0.3515273597  
0.4334807188  0.8299316229  1.127544326  2.304591941  1.199127023  0.4057207312  1.028770352  0.4169645376  1.1825365  
-0.2865580201  0.1389466657  0.6053963001  -0.1046152885  0.9985687044  -0.4561523928  0.631800593  -0.1628572076  -0.4533950494  
-0.5704086466  -0.3736079925  0.7314595834  -0.4155440828  -0.08443288469  -0.1983744148  2.111812987  -0.3896252323  -0.3062847439  
-0.4628772149  1.877386757  0.1198753321  -0.9769043635  -1.183402027  -1.031193472  -0.6940096187  0.4699960757  0.7578592916  
-0.5299859944  0.1447003739  0.129989623  -0.4012962815  0.6393851174  0.144303023  0.3004994072  -0.5279951949  -0.1328006572  
-0.6254334208  -0.1565042329  0.1070898303  -0.3266188648  -0.3717433656  -0.4932944985  0.9602506101  -0.5056292368  -0.5663454274  
-0.3140286374  0.04919074795  0.2266089205  -0.462111851  0.3468212043  -0.9018473084  0.4683735349  -0.1311562649  -0.655168639  
0.3106721991  1.67267426  0.01315141769  0.6824886347  0.7079621047  0.2709057607  -0.401459753  0.5163311006  1.035595613  
-0.7909960195  2.859547333  0.9679869554  -0.8745007005  -0.7335214205  -1.171172619  -0.1423921123  1.096431488  1.946590606  
1.534774859  0.9150002892  0.3123485619  -0.1590597541  0.4792647995  0.4616891936  0.002615825081  0.8782069144  0.5146728574  
-0.4311868348  0.8650794041  0.219411707  -0.4702215906  0.2605529441  -0.4156225513  0.4478923722  -0.1273628948  0.1602782633  
-0.9801791027  1.389596055  -2.364536  -0.01361662177  -0.560844147  0.1921143186  -1.830081285  -0.2181040103  0.4115630202  
-0.6940611695  0.5383185143  -0.1456235004  -0.4814608797  -1.056346282  0.3126727187  0.5905930011  0.3002426049  0.8948184746  
-0.07141195621  -1.266610412  -2.233582836  -0.2239779935  1.198090037  0.008490578653  -0.8316545813  -1.113836681  -1.404156276  
-0.5869694462  0.3203133909  0.1687606466  0.4914356441  0.6169880692  -0.3898039171  -0.4852134382  -0.3996387744  -0.5107081995  
-0.6733570126  1.709944891  1.07426905  -0.7804857867  -1.351694772  -0.1192317212  0.08392471953  0.5214870244  0.8350662042  
-0.617319411  0.9165539708  1.292049605  0.1141187272  -0.4784485444  0.4366971361  0.1089453933  0.03970143667  0.8373398674  
-0.8168917789  3.330206479  1.806446813  0.06491560687  1.688892301  -1.231725891  -0.1965419438  0.3023409969  0.8301383318  
-0.6291615738  0.8268295095  0.4850818252  -1.094697489  -0.7167251711  -0.7027406423  1.427954649  0.3464485289  0.1872684356  
-0.4617328355  -0.4903334049  0.4981435499  0.2198038566  0.3368890792  -0.008722891358  0.7378600779  -0.3033462046  -0.3649560875  
-0.4614428587  1.438282227  0.2362419756  -0.8737228758  0.3014952266  -0.8013108722  0.260926975  0.2506927738  0.712374067  
-0.3169005797  -0.9109463104  0.7392114098  0.3530512625  0.9587940564  0.2180976966  1.391677346  -1.064222008  -1.138774197  
-0.424745016  0.2090442965  -0.3164020474  -0.8122336449  0.562384543  0.06541977965  -0.03052804162  -0.2549463999  -0.2469028332  
0.0108561024  -0.8301917378  -0.3048182887  0.9709859718  -0.04758466244  1.339182031  1.842460476  0.003919681812  -0.1087087894  
1.422193537  -0.7847042  0.09812045955  1.372186865  0.4575372039  1.010987878  -0.1943714703  1.542616142  -0.3211003159  
-0.2420566587  1.463999444  0.6666281681  0.09257211455  -1.826260265  0.01346969876  0.07284735272  0.7281220046  1.802378398  
-0.2996645309  -0.1251306873  0.4429949809  -0.3596973453  0.9439453242  -0.2570199894  1.464738155  -0.5566726155  -0.3770916491  
-0.02523888885  -0.3166492576  -0.1281439438  -0.2879697323  -0.7491509811  -0.4249683867  -0.09887633824  -0.259078344  0.03455039082  
-0.1807819391  -0.2832468712  -0.1211362367  -0.5483981293  -0.01702924225  0.04835478418  -0.5986368849  -0.0715924134  -0.1499135788  
-0.54437703  0.06407316527  0.2176453439  -0.02184176479  0.5361704218  -1.059785639  1.585699914  -0.5577598891  -0.3861068491  
-0.05251051722  -0.3763785757  -1.336567524  1.734636207  0.07297400798  0.7320099444  -0.6270065547  0.3725712686  0.004925047058  
-0.4148838274  0.2255424321  0.7032689167  -0.2313864945  0.6787220987  -1.126536987  1.575594831  -0.05938666153  -0.7484369074  
-0.4093766073  -0.1468252139  -2.073772085  0.8625340085  0.4352746788  -0.4273270002  -1.485171197  0.03505166774  -0.3119536793  
-0.7268395821  0.4830064678  0.2943006199  -0.1747694927  0.8329243834  -0.9614299973  1.556558223  -0.058075392  -0.09194704299  
-0.3265380895  0.8112997403  1.291384027  0.4969688698  -0.7077554801  -0.0521678625  2.192798154  0.2202055335  0.3848620397  
-0.5748207977  -0.5201726722  0.2615305727  0.4264568394  3.367154265  0.2036873251  1.618930214  -1.928710259  -1.58391001  
2.283536122  -2.663215762  -0.7905136491  2.553038445  -0.3954698427  2.553691765  -0.081226637  0.9108262555  -0.05986867364  
-0.3003344796  0.5682802914  0.1907153846  0.06073082799  -0.755552632  -0.3076983036  0.5744102785  -0.0228755861  0.07120200908  
-0.8365833842  0.9227991236  1.045461715  -0.2339953626  0.5437074015  0.3321872337  0.8474704306  -0.7127992913  -0.83367244  
1.566766023  -0.270014756  -0.5745247203  1.624277191  0.3935361429  0.9391339016  -0.0919594605  2.856010541  -0.08783158909  
-0.2421691921  0.6084348754  0.4995503277  0.4039233228  3.507175878  -1.132520299  1.322760566  0.09382901911  -3.244566763  
-0.3775195756  0.1258887515  0.06463118311  -0.708582986  -0.1820288081  0.6076898019  1.438137034  -0.1898423458  0.6270745462  
-0.523861717  -0.435207908  -0.3414186585  -0.6895240795  0.8471144266  -0.6922503489  0.4496546678  -0.1429469357  -0.4580178511  
-0.6597922319  -0.2587794614  0.08535835555  0.07374014059  -0.4502337186  -0.7392175504  1.467378935  -0.09029392718  -0.01732399168  
-0.7500387019  1.241072187  0.7204136924  0.2342316645  -0.1363797133  -0.2677256868  0.02178029308  0.001316133283  0.04185793998  
-0.6218251775  0.8669787914  -0.05479024128  0.5532206888  -0.3502141347  -0.6692983471  -0.9187688612  -0.2797744404  0.1824260777  
-0.2895818623  0.1246135786  0.4601536973  -1.025304627  -0.3484666983  -1.14627581  1.060045761  -0.2647172492  -0.4725864604  
-0.3609242317  0.3864462179  -0.04692808969  -0.3702152843  0.6996365875  -0.4253357303  0.2284435945  -0.1594471742  -0.1278629803  
1.235015921  -0.5671187998  -0.6995919658  1.49253455  0.7320977103  -0.02591612075  -1.096885563  0.1418518425  0.6872669176  
-0.6328306513  0.3283547503  0.7933507182  -0.8212464785  1.683835086  -0.6036042203  1.363859232  -0.3746886947  -0.4362644873  
2.077165874  1.419676751  1.605213263  1.394761965  1.234853907  -0.5297036662  -0.9028282483  1.469202974  2.194796263  
-0.2363950242  0.1020277077  0.5072758604  0.03820565831  1.311772384  -0.49741808  1.452581636  -0.473613523  -1.120645698  
2.900190601  0.1755412808  -3.47310796  -0.8009120074  -0.4724157442  -0.09598561031  -0.1635311219  2.750273498  1.399056205  
2.406291645  -1.163732381  -1.055393133  2.497722791  -0.05006856894  3.299637353  -1.81317385  2.537619737  1.101586229  
0.8606056996  -0.4433134311  -0.8226548273  1.469375514  -0.1487388546  1.087354263  -0.05873687068  0.8035949514  0.9447361115  
-0.4618459113  0.6545593393  1.238690432  -0.08254907885  0.4184006906  -0.3864884569  1.391827026  -0.414033977  0.4962963596  
-0.5664718719  0.3894892847  0.6436064929  -0.2070020534  -0.7062540897  -0.5088885172  1.278570502  -0.09189821196  -0.05470936633  
-0.6152300592  2.089867398  0.7717363164  -1.051302211  0.07138010754  -0.8564325715  -0.46558967  0.6786324022  1.34236831  
2.407006236  -1.917206947  -2.454025538  1.858734798  1.86337723  0.7682987318  -1.212368214  1.609643373  -0.02253700538  
0.1668273835  0.1619476739  0.3602758448  0.3575334649  -0.3425203654  -1.007800033  1.251192262  1.108155972  0.7664847108  
-0.3836813332  0.1923528362  1.016661594  0.1760380136  0.05666366841  -0.4368186894  1.50245702  -0.7238344958  -0.4534007563  
1.728039327  0.938032343  -1.131047618  1.524101482  -0.8567578372  -0.08714735818  -1.215699836  1.746960264  2.377544288  
0.4107642832  -0.2561566374  -1.850939327  2.637222386  0.5199567185  0.637165931  -1.375734629  -0.6371001251  0.4149246285  
1.033679746  -0.4406227086  -0.1659088212  1.047231166  0.5847954384  -0.3332365107  1.405970842  0.2369658404  0.006604993047  
-1.109250813  1.770661832  1.261385082  2.001104373  0.282519722  -0.7128804606  -0.1895056459  0.9389816219  1.382061336  
-0.06934028949  0.2783639188  -0.5478732389  -0.3314415639  -0.06658561498  -1.062326957  -0.936086387  0.1074165078  0.2850405642  
-0.9536890313  0.5447846486  0.8275832014  0.2210760705  0.5241704095  1.018641632  0.8113400459  -0.595335695  -0.3600158156  
-0.6176875423  2.343270623  0.8171018851  0.7220459349  -0.6605054996  0.3578266571  0.04534374057  0.6974618627  1.311061732  
-0.04697220765  0.3258389653  0.5961015512  0.453499846  0.5528629637  -0.3898393566  1.602946324  -0.8692380526  -0.8379837455  
0.3415378209  -0.5721077494  0.4960414014  2.377680148  1.945340141  -0.5970728575  0.5878641598  -0.981153586  -1.183741558  
-0.9170979912  1.178861769  -1.687178044  -0.8717131664  0.1556566415  -0.574926473  -0.5143886163  -0.03539517097  -0.571245656  
-0.6359559784  -0.4228187808  -0.8324504163  -0.7261715745  -0.7296736936  -0.6174745055  -0.7513859065  0.6118052366  0.02515895568  
-0.4956360218  -0.3675689507  0.4874143678  -0.7647622765  -0.2812079842  -0.2228551326  1.388471818  -0.351736323  -0.8970814485  
-0.5888429326  -0.2198697896  -0.2261856581  -1.071418125  -0.9905995971  -0.4648843357  -1.009256313  -0.0610797379  -0.001971628696  
0.6632522595  1.208717303  0.428162643  1.497914043  -0.1112291388  1.341503211  0.08032953706  2.678348871  2.503815044  
-0.5851365018  0.2774957497  1.315505684  -0.3349634592  -0.2196322681  -0.2056766374  1.558320935  0.1262918225  -0.1755086978  
-0.5230663506  0.04575112169  -0.4946942951  -0.8094004412  -0.829872079  -0.1065776117  -0.6591366812  0.2017798379  0.3176113807  
-0.6332295302  0.6833688958  0.3111383692  -1.0261516  -1.1994781  -0.1329950312  -0.1274867192  0.2150718196  0.3655160104  
-0.5421752601  -0.7509946109  -0.2139727395  -0.2757148187  -0.7779630169  -0.09018394904  0.8447282017  -0.3402488133  -0.8255288709  
-0.41707315  -0.4910469939  0.3290248992  -0.872471156  1.936513623  -0.528727087  1.085849971  -0.4781263465  -0.8620640966  
-0.2300009346  0.2031228274  -1.317454115  -0.07384628181  -0.9190416586  -0.423417213  -1.178569447  -0.1943205003  -0.1294344714  
3.396869126  -1.728216924  -1.130856165  1.992380673  0.5307186097  1.677517032  -1.479255123  3.494022317  2.11345231  
-0.1082576532  -1.074230583  -1.052197457  -0.05576765233  0.3201484441  0.3946612101  -1.011582381  -0.6384615142  -1.307398861  
-0.5262021358  0.08366065406  -0.4070818612  -1.090960035  -0.6683426989  -0.09744492428  0.05793875181  0.1731227263  0.009131823809  
-0.6133350085  -0.8074754277  -1.992493762  -0.2285728089  1.317812353  -0.105466028  -0.8180597137  0.5729123072  0.5899045898  
-0.8690283838  1.047940314  1.098646015  -1.072533028  -0.6240233792  -0.9125531683  0.8681798582  0.4419748115  0.8482587194  
-0.7738566863  -0.833589489  -0.6971062668  -0.9090999043  0.01322343691  -0.5831050051  0.1273339932  -0.4596340232  -0.6022230981  
-0.8805668708  0.4103733194  0.6954281257  -0.3913879147  0.9092196482  -0.4191172752  0.8667043379  -0.4739908721  -0.6264366938  
1.761265142  -0.8789140693  -0.6202973157  0.7571267789  -0.1811970953  2.491601226  -1.359589128  1.817249486  1.489985091  
-0.6652332675  0.2412976477  -1.473334453  1.069313292  2.169830542  3.319497829  -0.01516058613  0.9412565538  0.6597441227  
-0.9962616387  2.753203817  0.9777257069  -0.5795988402  -0.04839732542  0.03096629499  -0.2364876886  0.3341554321  0.8360596243  
-0.4857026936  -0.7600431989  0.07498876984  -0.8649404008  0.3061448442  -0.112471783  1.272447301  -0.4563910978  -0.737873887  
-0.7103045613  0.2312562528  -0.03190549053  -0.3561966702  -0.2582588289  -0.6112154503  0.1430366973  0.4986188918  0.1769895723  
-0.7079792316  0.2070382951  -0.9091734648  -1.227075629  0.4848430976  1.200465115  -1.502618609  1.537048703  -0.06982184102  
-0.7559116974  2.452530238  -3.2225692  1.065963603  -0.6654806175  -0.3198477103  -1.278901901  0.5552246721  1.940693067  
-0.42088521  -1.173338951  -0.8205684995  -0.06373288594  -0.5184207079  -0.06562930381  0.1050560242  0.2942914838  0.1519968607  
-0.5764679369  -0.1151992513  0.1521119261  -0.5915009455  0.3024840482  -0.4192714201  0.5621233299  -0.1362186096  -0.7064745029  
-0.2761989982  1.216289019  0.4947272794  -0.3823418031  -1.019994949  0.369740587  -0.2071442617  0.1874604244  -0.07046228023  
-0.9020486836  1.400528224  0.8588748392  -1.23436266  -0.3229344617  -0.213174906  0.8471355773  0.4632059467  0.3151148078  
0.2691935877  -0.748545622  -0.1701149915  2.188835296  1.226597091  4.167354227  0.5293176424  0.5427816388  0.9841572987  
1.433904282  -0.5642768942  0.01117863848  1.604148263  0.6180479764  0.3553494919  0.8582159824  1.453640166  -0.004831523368  
1.631681368  -0.1414709401  -0.2993790124  0.5773222087  0.5166432633  0.4723646047  -1.1073601  1.35639222  1.075496235  
2.486016819  0.5838887213  -0.3847888785  -0.908553514  0.8486829622  1.243847605  -2.162587341  2.607025744  2.132948098  
0.3243913012  -2.631968401  -0.4081902348  -0.1818000608  3.038588646  0.5320916391  1.475280345  -1.230244298  -2.607518149  
-0.7413838066  -0.3484335134  0.4452715619  -0.3843716524  0.6333308582  0.06877328011  0.603280851  -0.06324739604  -0.5080448081  
-0.1616328698  -0.1167052483  -0.295831681  -1.224746676  -0.7094091483  0.2047201169  0.8381755379  0.1845543317  -0.4387371321  
0.385746823  -1.06211069  -0.9280384902  1.936252097  0.3365094045  0.1018613699  -0.5720632098  0.2734610966  0.8339623867  
-1.027857967  0.8350058925  -0.1800799789  0.4344488099  -0.2911688699  0.1655418483  -1.224524338  0.04684809854  0.7562948854  
-0.6104491714  -1.047601382  -0.2050115243  -0.04188586439  -0.06969593109  -0.7595785356  -0.4167145974  -0.1200830575  -0.2066315241  
-0.6613229205  1.785981257  1.708966025  -0.07740320591  0.1392702889  -0.6723374834  0.9172333709  0.9633717675  0.7827067937  
-0.7515652023  0.1863811154  0.227664358  -0.635461773  0.07377139925  -0.0702392768  -0.436241355  -0.1576377882  -0.7614828989  
-0.5272821664  0.2291156261  0.709490598  -0.8753290024  1.412820928  -0.9614825543  -0.3502304763  -0.5230445915  -0.3506342609  
-0.4522755861  0.1152081794  0.2545258444  0.0268553951  2.027341032  -0.6355863126  -0.4320109213  -0.5847291302  -0.3426216635  
2.197095175  -3.623357895  -2.220774972  1.595723673  1.80789434  2.074998101  -0.7401348781  0.1047253789  -0.8035149625  
-0.2325466053  -1.162944145  0.03899119388  -0.05753488909  -0.05012687341  -0.2449600753  0.8126052591  -1.044620165  -0.6310914754  
1.960730083  -1.585188793  -0.203307488  2.332462409  3.594712168  0.6782617125  0.1286859451  0.04427824409  -0.9829863691  
-0.2892018489  -0.4307121985  0.1377967161  0.2524404643  0.8371124315  -0.9576289024  0.3586699481  -0.767193795  -0.8569517596  
2.079188644  -1.201032336  -0.530385556  2.35212883  1.223292054  1.151894516  -0.1220029708  1.375648017  0.6124829594  
-0.5330707323  -0.4712209447  -0.3821892037  -0.2255140367  -0.8986498949  0.2484024274  0.3574343328  -0.240445862  -0.1802554764  
1.590217961  -1.43794107  -1.755680053  2.346504675  -0.7514841269  1.964865043  -1.317688943  0.5858495645  0.02699314132  
0.07798271641  -0.03724443009  -2.170381895  0.7822779476  -0.6053134707  -0.4786420197  -1.004361613  -0.7553585996  -0.183066642  
-0.1052807831  -0.3310589141  -0.4843497905  0.2901956238  -0.6696945889  -1.394498186  -0.3899198486  -0.5892176455  -0.698222576  
-0.2853443831  -0.6720192283  -1.658774504  0.5380466889  -0.6115010619  -0.02343695654  -1.088523905  -0.6509438915  0.09004171808  
2.409092354  -0.9248848565  -0.5203616896  3.036212296  -0.07032374003  2.09778271  1.013571198  2.349438979  0.7714158882  
-0.082724439  -0.3575902964  0.2630642144  -0.1768658588  -0.4244765884  -0.3443987172  1.579344069  -0.7106127465  -0.3048628402  
2.341249315  -0.7987810199  -0.420724191  2.872212759  -0.1845932539  2.680004765  -1.533026169  0.5742482852  0.7181336188  
-0.4628178072  -0.6264824914  -0.7725163902  -0.2164548729  -0.5819185589  -0.3393158787  -0.4949017536  -0.7275607739  -1.413083035  
-0.2337750358  -0.6576485902  -0.1729669605  0.1806977285  1.042583132  0.1743928896  0.8127157981  -0.777389581  -0.8574600287  
-0.5004794702  0.2177228205  0.215451206  0.4555567056  0.3356436379  0.4603492115  0.1515767799  -0.4346063436  -0.3565269486  
1.542411072  -0.7225042853  -0.7463808414  0.1796398714  0.1828001645  -0.9258052066  -1.068466848  1.28295759  0.7935698335  
-0.6162821361  0.8456053819  0.218691372  0.1405832447  -0.01740008827  -1.034475904  -0.331216663  0.3614100214  -0.8006381501  
-0.631168559  1.283648822  0.8876700654  0.2031393904  -0.0767522849  -1.152741725  0.7114219416  0.02852704576  0.3592350375  
-0.04227167086  -1.213381196  -0.7663885883  0.2296126285  0.28733239  -0.1344496446  -0.9782956473  -0.8038610488  -2.245722684  
-0.1965345123  -0.05890925304  0.5435312602  -0.6497773354  -0.9754821563  -0.3197600828  1.072489747  -0.0152607789  -0.2698167323  
-0.6317402315  0.1581965717  0.3173154904  0.4335538828  0.4910922731  -0.6322805677  1.005546624  -0.5682072232  -1.009876032  
-0.4657368512  -0.233636827  0.7290005155  -0.04078924008  1.141596662  -0.422054543  1.403847002  -0.7538700625  -0.6534091646  
-0.7935474386  1.020135145  1.224941042  -0.01277181122  0.2064059848  -0.420039345  2.196273197  -1.060367839  -0.009915972247  
-0.03150993949  -0.681790496  -0.5345601463  -0.03263863786  1.302676449  -0.5565039491  -0.1018728535  -0.9319057068  -0.9788872245  
-0.4068153469  -0.3393796287  -0.4109212148  -0.3790654321  -0.7154123919  -1.219958338  0.2619447174  -0.4518488967  -0.1828644735  
2.516466812  -2.359185197  -1.456661359  2.109880693  0.5076371039  1.252545549  -0.765295709  1.087066758  -0.669981297  
1.980490753  -2.258464579  -0.7149427912  0.8772143545  1.041721269  1.572447285  0.1581360152  1.372664998  -0.5613936517  
-0.4095934242  0.6724502649  0.9235743662  -0.1444065755  -1.52668511  -0.7539181475  1.26919213  0.4793393994  0.241098029  
-0.1053716187  0.005761662565  -0.6774300268  0.00507995058  -0.8231860827  -1.530259339  -0.6443738709  0.1693399312  -0.1288115891  
-0.2362138926  -0.8244700661  0.4332691768  -0.7529191853  1.23615974  -0.2153193215  1.14197447  -0.5534688256  -1.060661133  
0.6151788719  -0.7349374216  -0.2138942986  0.9274203955  -0.4795597655  0.5273897179  1.673002468  0.3673712638  0.4186833974  
1.24152942  -1.667446568  -0.0559081981  1.730902296  0.7171951319  -0.5522038654  1.93569737  -0.412198141  0.282250406  
-0.5582952865  0.7316913631  0.1639193043  0.2891489746  -0.222555648  -0.6201496344  -1.454107542  -0.04788666111  0.05674442803  
1.481921824  0.2971090224  -2.355890512  2.068581176  -1.420888165  2.382909817  -1.849379225  2.298344167  2.112673574  
-0.9856408254  0.1890108066  -0.01121076126  0.6280608841  -0.2388165029  -0.8346246948  -0.9219951257  -0.7171977724  -0.5461315676  
0.06978020644  -0.5051503917  -0.2825993973  0.5102696181  -0.6952322372  0.8237479228  0.5347660791  -0.6591989468  -0.3843338966  
-0.8512418057  0.7356267654  0.7405144633  0.316370506  -1.889060242  -0.7510230585  -0.4267326554  -0.3265335806  0.8860705809  
-0.6769709614  0.0350110097  -0.02494547806  -0.1164691585  -0.2282439123  -0.1933078777  -0.3640832767  -0.1257236735  0.6027239239  
-0.97520722  1.905915632  1.377088469  -0.06159610135  -1.347132973  -1.279826345  -0.1068464285  1.267361715  0.8037370385  
-0.700794475  -0.3225222658  0.7541731441  -0.7458716915  -1.313499838  -0.0727897896  -0.2600310259  -0.06010653935  0.9888664999  
-0.3943653824  -1.584641376  -0.2048626266  -0.3232426861  0.8337005646  -0.4575959606  -0.1783461507  -0.8238354023  -0.3317732377  
0.6898034221  -2.779740773  -1.46336022  2.293838153  1.513028658  -1.610854352  0.3076843103  -3.196833442  -5.625085466  
-0.2648319493  -1.03625044  -0.1735245003  -0.4886197721  -0.9737776239  -0.3742064737  -0.3829502728  0.1683810599  0.5427104615  
-0.5740719562  -0.1829754558  0.396040758  -0.7211215777  -0.5081174587  -0.7352320879  0.7621275787  0.7370424735  -0.5932229293  
-0.5033851479  0.6112423951  1.149441385  -0.7655901531  -0.8078495381  -0.5748897736  -0.2779394158  1.089470867  -0.8439545387  
-0.3915539946  -1.068511859  0.3638368101  -0.3532580383  1.404507202  -0.1725897475  0.1639631508  -1.103697677  -0.7688286981  
-0.4300073227  0.6310624313  1.10594826  -0.5338226787  -0.875325112  -0.2457882152  -1.356195989  -0.1486365385  0.07730277055  
-0.623169929  0.3605477775  0.1190290525  0.1561281049  -0.1908368082  -0.6033394572  -0.4181326329  0.3805631483  -0.07190507217  
-1.030312609  1.412647037  0.26105793  -0.8746917283  0.9439069705  -0.5486447073  -0.8649790162  0.1678368391  -0.2713345387  
-0.951323036  1.109774543  1.308913093  -0.3575949095  0.6998782319  -0.7825744664  0.6849500852  -0.8721916881  0.4971919397  
-0.6822947368  0.2002634234  0.534598662  -0.6138002315  -0.4985402827  -0.4889269721  -0.5197912638  0.02399169952  0.7743853036  
-0.5581800737  -1.011595235  -0.3052121199  0.1254844736  -0.5575924767  -0.3914813441  -1.627457184  0.0906246485  0.6665619227  
-0.8028021391  -0.1624603953  0.7687260158  -0.778151636  -0.2323451411  -0.4354275928  -0.2614516155  0.3073973567  1.568867231  
-0.3326586287  0.7392844719  1.676040455  -1.014483167  -0.6130951694  -1.371498412  -0.06132776032  0.4244081421  1.085301222  
-0.7093165609  -0.0630670892  0.2242788099  0.3070725351  1.098416371  -0.1719285978  -0.4182293121  -0.4501990971  0.3317647736  
-0.5162253104  0.0230092092  0.8863691972  0.1911806657  -1.349420022  -0.664522134  0.4623325085  1.352323261  0.689859196  
-0.3471502318  -1.416009794  0.03208714844  -0.3534619496  0.7647170076  0.006105703569  -0.3944061877  -0.5710177637  -0.4344512776  
-0.2809454555  0.2881409059  -0.2726846344  -0.9362321469  0.5391237809  -0.6118967155  -0.9860835781  -0.1091064527  0.9149336499  
-1.057501226  0.632043176  1.064509064  -0.5902421452  1.231881821  -0.5413029932  0.6284008658  -0.4350491489  0.6761736887  
-0.8617826493  0.02440192735  -0.4516669312  -0.3606469219  0.4594403629  -0.6560687931  -0.9888330974  0.4200429853  -0.1422222229  
-0.7250447272  -0.7247505234  -0.1424834866  -0.5704644663  2.179588175  -0.05899632179  -0.2168165433  -0.8331381234  -0.7341564569  
-0.5773734313  -1.230182167  -0.5065924075  -0.8448073511  -0.2874979864  -0.2005874315  0.6240715302  -0.2992538933  0.2128938436  
-0.2143700454  1.590932375  0.5953828126  -1.424659003  -1.364124124  -0.164596918  -1.772560195  0.3587218096  1.348725594  
0.8889521115  -0.3112930488  -0.5015519688  2.20393402  0.5893157002  0.2537081012  0.2625249727  2.261514105  2.138394933  
-0.6402002096  -1.010444976  0.3343188652  -0.2728205744  1.180089621  -0.8443340985  0.539532786  -0.6130016304  0.01751580908  
-0.7709203169  0.7549317795  0.1412155745  -0.857688831  -0.7610209771  -0.0272422342  -1.663268094  -0.4322276127  1.033273686  
-0.4115045456  -0.6166434711  0.6424071274  -0.4017435271  0.4644187478  -0.5461516656  1.748634897  -0.1454447145  -1.125524345  
-0.655955251  -0.04933620927  0.06838490041  -0.7874289565  -1.139596535  -0.9651287617  -0.1269151826  0.8922779425  -0.1412348069  
-0.6424317334  -0.300771214  1.051051412  -0.2662636599  1.977370007  -0.6271521198  1.307546024  -0.5366389863  0.2680687724  
-0.5066275778  -0.1772655657  0.4635438478  -0.4250073531  -0.3696466409  -0.8034587569  0.2908094001  1.157498465  -0.1743315486  
-0.4958701343  -0.3923706949  0.2801784004  -0.233824393  2.28148001  -0.5133527033  0.9685734272  0.3416962268  -0.7054318849  
-0.8887956518  -0.6945589648  0.1918575337  -0.2975047775  -0.4857949784  -0.3941308303  0.5903872363  0.4866185851  -0.1723220981  
-0.5177899911  -0.9356161469  0.3513672116  -0.8947727497  -0.3281302521  -0.586748898  0.5797539491  -0.6902179077  0.07226664484  
-0.5116838268  0.5796440944  0.9438966751  -0.8566715397  0.2189414185  -1.183013797  -0.2207411779  -0.7211633126  0.7668263873  
-0.6710083412  -0.3795031955  0.04353879529  -0.4383280775  0.3927468043  -0.349918315  0.9847059802  0.1259703254  -0.439832729  
-0.7883446827  -0.04449565745  0.2467807646  -0.1698531474  -0.4967362276  -0.3794209889  -0.8168556828  -0.2755541965  0.9964215663  
-0.3692675954  -0.8402498409  0.8958829652  0.1775009306  2.769104306  1.020486211  0.8098579951  -0.9740058038  -2.497106253  
-0.4605152702  -0.5243496934  0.3801742945  -1.17714442  -0.2370370288  -0.3074891681  0.07166599691  -0.2388357225  0.4316788638  
-0.8182991497  0.3567502154  1.06629622  -0.2312233053  0.296983983  -1.218686252  0.9485516699  0.1235146334  -0.5047064879  
-0.7949236829  0.4783491339  1.781377946  -1.307017821  -1.681697662  -0.8717047079  0.3862428958  -0.09321286181  1.633876783  
-0.8818072718  1.389208053  0.9976097645  -0.8422767866  0.1349059561  -1.26850295  -0.6152687984  -0.0250667336  1.478359952  
0.2905252892  -0.6386177039  -0.1568931311  0.3574164179  0.6731689293  0.4546985396  -0.9246201246  0.5802918002  0.8511124343  
-0.6241432233  0.4635364289  0.6680976328  0.5369583109  1.22686118  0.3992760728  -1.183834642  -0.7895722815  0.2160079569  
-0.8760920333  0.3870418641  0.8909127854  -0.6315614097  -0.5946523796  0.2135643241  -0.5105726496  -0.2709737184  0.8307857025  
-0.517864169  -1.310288788  -0.3797724286  -0.1498688719  0.8405541019  -0.4528061068  0.4722048298  -0.5628397804  0.3418323061  
0.4391771577  -0.2399694285  0.0002157187057  1.191772912  0.975042594  1.748907863  -1.413276554  0.334652906  1.393155638  
-0.8078008076  0.7283658688  0.3346864522  -0.9618332865  -0.7375086439  -0.5600264075  0.498634746  0.4300419286  -0.0709765021  
-0.4830928456  -0.7024379438  0.4759341875  -0.7139530872  0.5801653228  -0.4221297414  -0.064923541  -0.5857000737  -0.02227339697  
-0.2490427225  -1.720249532  -0.5024301749  0.2896941776  -0.1646750043  -0.4263777149  0.2554533244  0.5269057928  -1.020442206  
-0.713041145  0.1822197094  0.9984753435  -0.1653482558  0.4382727726  -0.7476289123  0.2656173109  0.09428507499  -1.351437816  
-0.4626885268  0.3036285965  -0.2022841488  -0.8480693513  -0.6861099119  -0.5263633565  -2.061126832  1.137587981  -0.1764273492  
-0.6784059963  -0.5450993131  -0.2381726765  0.3942994651  1.205809089  0.2164889267  -0.5261992695  0.6045094903  -0.4825851795  
0.1396948071  -1.205337015  -0.09149871407  0.5936525143  2.443968051  3.348264872  -1.932112608  -0.02384429825  -0.6319045619  
-0.2197128097  -0.5952852645  0.08599109335  0.2418348013  0.182371571  -0.6564147183  -0.6493958902  0.7085671525  -0.9567955596  
-0.424709295  -0.06754515274  0.5712319561  0.5892278832  1.892153599  -0.407649799  0.01778078462  -0.384574106  0.8012159075  
-1.040517337  0.3316323832  0.5258401021  0.3135022626  -0.2279977154  -0.05862806318  0.1970141081  0.1551289226  -0.2808446967  
-0.7356083233  -0.8455960558  0.06155641175  -0.3939052628  0.02363760246  -0.04626556852  0.9384803853  -0.4998608337  0.7369774533  
0.9965854581  -0.05283133766  1.328471608  0.629489016  -0.6800615097  0.6351799427  -1.329078772  0.9170363475  0.6310948535  
-0.1949835493  -0.6369334449  -0.0450072055  -0.2742817933  0.7604025023  0.1239926141  0.4268396538  0.7823130339  -0.6704404539  
0.3461375894  -1.176583811  0.2891901395  0.1739545795  1.821436896  -0.2031470092  -0.4948915678  -0.5073624083  -0.3825268217  
-0.5910322877  -0.1462221186  0.946541023  -0.3637567161  -0.909418835  -0.4053389209  -0.3953688546  0.1235259965  1.121505877  
-0.6106403758  -0.587590612  0.2166653841  -0.3522233755  0.6268591137  -0.2127301488  0.3192541151  -0.5399061212  0.5649878257  
-0.2400040597  -0.6276349061  0.3995665366  -1.330072358  0.7162687982  -0.4179730226  0.333054279  -0.4333407262  0.1049763614  
-0.2495674553  2.311509365  -0.8074237219  0.6069061089  -1.27005622  -0.1050329154  -1.752266819  1.121522616  0.6492455183  
0.3162378558  -0.5699708726  1.04726873  -0.6292821729  -0.6720438509  2.32063749  -1.254925073  1.5356365  0.7834357054  
-0.5459138677  -1.507965116  -0.3400712383  -0.8560330696  1.317005312  -0.4022898667  0.9956995938  -0.6575288024  -0.1333163831  
-1.000809373  -0.3299237247  -0.423970267  -0.1197999624  -0.4495531465  -0.687246894  -0.2329780863  0.32835022  0.1235257366  
-0.6805535627  0.09177563321  0.2345164322  0.1130449597  0.8153834756  -0.5157810692  0.018634291  -0.2550949588  0.7136775552  
-0.6440539357  0.595460142  1.228723183  -0.1097845568  -0.006819181025  -0.5915820665  -0.08600334781  0.9134500738  -0.2811004038  
-0.7488658714  -0.003177971436  0.2847497632  -0.900744483  -0.8252678844  -0.841772005  -0.4164981567  0.151373346  1.626944522  
-0.9791207943  0.8544210423  0.5682476656  -0.02111831598  1.614506068  -1.1967697  -0.2084864788  0.7649625039  0.4409641881  
0.1052450418  -0.9634555908  -0.2960299219  -0.05173197734  -0.7900330645  -0.3008781578  -1.53138511  0.005420849278  0.9594378081  
-0.307821202  -1.113688672  -0.2433974891  0.322023335  -0.05074605213  -0.2210077995  -0.5255802476  0.5355243669  -0.3994263038  
-0.5874611984  -0.8271167172  -0.6288347159  0.1529387229  -0.08753537332  0.2934248215  -0.06033584355  0.1570756455  -0.3606627924  
1.078126597  -1.529441038  -1.308720973  1.845780368  0.2900140399  2.52917655  -1.543401547  0.8621642163  0.8808091883  
-0.6667931903  0.04900369824  1.421891585  -0.876921875  -0.7555698417  0.4213624844  0.8032628371  -0.8697939702  -0.5581994456  
-0.7422852419  -0.76580098  0.247802628  -0.3531858439  -0.2326017523  -0.03731955794  0.04838682898  -0.2420827944  0.4270428861  
-0.6463557241  0.1010323474  0.3690823279  -0.862644344  0.4944340973  -0.7450604441  -1.062661794  -0.885667792  0.08030694548  
-0.6366447435  -0.4230200172  0.734409657  -0.3209342828  0.6112552778  0.00676884228  -0.2950464609  -0.9602688541  -0.2063222684  
-0.9490393557  0.596324018  1.076108276  -0.8347619293  0.06902704457  -0.525160255  0.2617321823  -0.5827895627  0.7997177409  
-0.6026200788  -0.06964300068  0.7030691183  0.7186138052  0.7249506053  1.613490347  1.897633719  -1.745242727  -2.582919845  
-0.3533416203  -0.5504883758  0.9683858558  -0.7613532798  -1.114295723  -0.8195676788  -0.1434910199  0.2109690379  1.187887102  
-0.5940270742  -0.0250991885  1.014770126  -0.5974909105  -0.7911625373  -0.6354848417  0.406496015  -0.1603398449  0.9989213731  
-0.6943169911  -0.5293948636  -0.9023852912  -0.5427754314  -0.07284231231  -0.3977722304  -0.938649362  -0.1825935127  1.094116809  
-0.6113918093  0.7372574553  1.195900062  -0.02263277793  -0.5610281196  -0.9985572449  0.7734909818  -0.1723345127  1.471003906  
-0.8509504078  1.421711686  -1.104648231  -0.8596232472  -0.8380262178  -0.3549401224  -2.329843291  1.291968375  0.4966463582  
-0.4033750452  -0.4979748904  0.6530550529  -0.1825313892  0.3499415986  -0.02984470766  1.013290577  -1.064657646  -0.5806041593  
-0.9225603326  0.2952446744  0.8364909998  -0.2597640713  -0.4090192716  -0.4670945303  0.5787120184  -0.4051830975  0.7438698272  
-0.5620185659  -0.6508308145  0.8645780849  -0.7496520672  -0.6643309797  -0.7060197836  0.6266031744  -0.2785742086  0.583492866  
-1.61093396  1.818661184  0.8370223193  -1.4337368  -0.303038237  -0.7345954153  -0.9171699571  1.066451142  0.3962469508  
-0.6057274087  -0.1536202035  0.498577502  -1.667224086  -0.01330548118  -0.634149938  -0.8644999142  0.2022886925  0.7410887272  
-0.6484660039  -0.2333758819  0.5791164253  -1.116662723  -0.7747329496  -0.7837983176  1.247676862  0.4465186261  -0.6937557926  
-0.7984265197  -0.7181327493  -0.1513168204  0.3595935566  0.3141412811  0.02631155394  -0.2747654707  0.280791207  -0.608405333  
-0.58911322  -0.9455714846  0.4081224065  -0.03539964136  2.796742329  -0.1418305843  0.2868812839  -1.464078776  -1.014712882  
-0.9501194817  -0.5253164782  -0.4862365589  -0.3326580664  -0.5366259904  -0.5401762633  0.3908490433  0.4824654346  -0.2155656886  
2.208651874  -2.284615964  -0.3447534723  0.7380579848  0.3537112358  2.567218916  -1.074814378  3.150166731  1.678575673  
-0.07352502421  1.067948545  0.5581105767  -0.5113271014  1.000147013  -0.7667887061  -1.90112936  1.445032886  0.3810809483  
-0.4729124853  -0.9686484193  0.1325297629  -0.2087616016  0.6895702833  0.002268572594  0.57734693  -0.8059036204  -0.3761984887  
-0.732231539  0.1409338757  0.4601004068  -0.837104315  1.102169536  -0.8525204249  0.8171021412  0.3931485595  -0.4122839397  
-0.6617991571  -0.5904550696  0.6592323095  -0.4129927697  0.05224499941  0.2839333864  0.3039333061  -0.7688443438  0.1410688296  
-0.4407229984  -0.8703146118  -0.1646017905  0.1728376655  1.126101856  -0.2043464891  0.3782459915  0.3347750133  -0.3076759141  
-0.6091081291  0.2364541421  1.136279691  -0.3270322946  -0.288148411  -0.8756715488  0.4262879123  0.07741943559  0.8905632665  
2.37410209  -0.1604267687  0.7074283967  2.439092713  1.872081162  0.9322527968  -1.526039887  2.164933958  2.345053194  
-0.7744963982  0.9666345765  0.4935821058  -0.391169179  -0.1091043009  -0.7135296383  -0.9523695701  0.8348232146  -0.6312625702  
-0.7734458635  0.7163912972  0.3241276952  -0.248057074  0.5476779499  -0.890917525  -1.947603168  -0.7551596308  1.548967072  
-0.5964923057  -0.3188559045  0.7057378604  0.1067868428  -0.5547803772  -0.4048413265  -0.1874605972  -0.3213931681  0.5134977824  
-0.555943022  0.818329451  1.043484981  -0.9860002243  1.513755142  0.08588028794  0.2344962391  -0.4723726924  -0.3983553014  
-0.9216159064  0.1670720294  0.7088420972  -0.2627308991  0.2846975412  0.1755454772  0.1514020665  0.205783825  -0.04315725414  
-0.6778047935  -0.5046209117  -0.1439201206  -0.5394015081  -0.2382681102  0.1038742309  -0.3291682517  0.7947659895  -0.6441764322  
1.720106259  -3.345585902  -1.386078582  4.04550014  1.299321795  4.611412714  -0.376049175  0.9471640626  -0.3265367252  
-0.6395773413  0.4068669587  1.707611368  0.3554486508  1.091637354  -0.4066796278  0.6944206693  -0.3704519761  0.4677996465  
-1.105135972  2.001158206  1.546447643  -0.9048322785  0.2012390136  -1.209379049  -0.3969633043  1.033919241  0.6179627999  
-0.3300959016  0.02501423249  0.4511386599  -0.5226936173  0.7009173175  -0.6513178748  0.02720647258  0.003137325214  -1.00782902  
-0.8321191326  -0.6163597061  0.08348814795  0.04231782027  1.313598454  -0.1800971072  -1.406637717  -0.8436721842  -0.2448763748  
-0.576114322  -0.4824788508  0.1445284885  -0.2161616984  -0.368672787  -0.02433145924  0.2384524617  -0.3473584763  0.8957144466  
-0.7876478553  1.179168725  0.8083724809  0.1324896657  0.1913044604  0.06387339067  -2.002081966  -0.3918283579  1.642554912  
-0.6982489707  -0.8876965881  0.151912549  0.2029779343  0.814455066  -0.5886762716  0.01559459315  0.1278465399  -0.9109194267  
0.9988447546  -1.362819263  0.1846628503  0.6816971998  0.213823688  1.166179947  -0.06182715173  1.250987494  1.764773803  
-0.6779032606  1.753712223  2.064893085  -0.4284013794  0.4427251883  -1.053289476  -0.01502361423  0.1800230968  1.237834264  
-0.8823891115  0.7030017727  0.9779323588  0.0241016159  0.8877285529  -1.053293328  -0.5122095836  -1.041893384  -0.0315532741  
2.183441833  -1.077947667  0.3042242542  2.583319995  0.6954577402  1.401336841  0.5239805656  2.930907257  0.9802381378  
-0.7402310876  0.5691811  1.169641344  -1.07902433  -1.060908181  -0.1720349646  -0.8072733972  0.1388701795  1.415558084  
-0.7307306389  0.2054645199  0.5412289753  -0.2210795386  1.251573702  -0.9161185668  0.3827318874  0.37911711  -0.5997380818  
-0.1184514525  -1.511153008  -1.125526342  0.4249030444  1.459219045  0.5900766621  -1.400743488  -0.4978744823  0.04060838831  
-0.6983272365  -0.05958200494  -0.1048644996  -0.6379726849  2.073287845  -0.2655852443  -0.2363127363  0.2655567305  -0.957613213  
-1.064169878  1.587019346  1.600866116  0.505557958  -0.106834905  -0.6661414224  0.9158854897  0.8864341184  0.4825073453  
1.244140153  0.491735446  0.3157309735  1.327800116  0.3508275289  -0.9379165825  -0.9960074656  2.016528244  0.3493760444  
-0.3246520735  0.4184704833  0.7467845485  -0.316484696  -1.33454475  -0.6048602902  -0.9215296999  -0.2476393576  1.078723015  
-0.7184409589  0.3279216499  0.6801444871  -0.824228437  -0.8308375905  -0.5413610242  -0.706297155  -0.2502165754  0.8191640314  
-0.426952309  -1.221219143  0.3192872391  -0.5606851777  -0.04898830331  -0.4352091547  0.5142722528  -0.3050150123  -0.01411321969  
-0.05566272988  0.05667624538  0.3247830659  -1.160285307  -1.4623423  0.02407890783  -0.5745675797  1.873726515  -0.2636601824  
0.727050248  -0.04062676952  0.7601538953  0.04159741193  -0.2912858136  -1.015410466  0.561121273  1.358415791  0.5321331956  
-1.067859573  1.581073997  2.299264626  0.1038871629  -1.378779657  -1.162128996  0.765733952  -0.4053477627  2.055425946  
-0.8876921689  0.1463756647  0.8580743094  0.3377654329  -0.2475417434  -0.2695098253  -0.00289039046  -0.1627138814  0.5818605546  
-0.6061201467  1.096013321  0.6355025794  0.4815995178  -0.3588295037  -0.2235927496  0.443757702  0.9100160786  0.5682378239  
-0.2647074599  -0.9153424257  -1.118296235  -0.6798329745  -0.3055013082  -0.3203812836  -1.196726837  -0.1718638931  0.3493788944  
-0.4261454573  -0.6209104837  0.8948532008  -0.3289670719  0.6426854489  -0.5857877577  1.047388789  -0.6714246562  -0.3908392046  
-0.7425887161  -0.05145078326  1.138348745  -0.1052142475  -0.1421902136  -1.02685032  0.7491409579  -0.4312125875  0.8626117943  
-0.4286341952  -1.17375447  -0.2875169104  0.04423966745  2.371491156  0.01340448761  -0.54440303  -0.789928344  -1.387026972  
-0.6023520474  -0.9920383916  0.1267243719  0.3492672828  -0.595491451  0.06726947834  0.7924579581  -1.080539401  -0.173618474  
-0.4541629913  0.3393085161  -0.9117559241  0.6617508248  0.5539734165  -1.035037488  -2.601775554  -0.6815286597  -0.2453936986  
-0.7512585688  0.6320339414  0.2868883342  -0.03119760859  0.5894228053  -0.2166924602  -2.177332109  -1.110894904  0.7067852717  
-0.7940521591  -0.2554801162  0.8293889618  0.2325106161  1.007947  -0.7593223132  -0.2076303939  -0.6612336711  0.9110995515  
-0.7378921885  -0.4033690503  0.5514067752  0.06830113291  0.2310920426  -0.4309580265  1.676236441  0.0423448193  -0.3577909233  
-0.713283591  -0.1415086202  -1.552426157  0.770405526  0.1904272886  0.0963183417  -1.988106302  -0.4495177939  1.075692899  
-0.9357351231  -0.5693169911  0.0732727444  0.3356491226  -0.3338399676  -0.6182090924  1.418425354  0.4332599756  0.08862283457  
-0.457708884  0.5518875231  1.233988342  -0.9265459438  -0.156609227  -1.335758712  -0.02939220834  0.7379898491  -0.3467558055  
-0.747726737  0.4616759036  0.3804334681  -0.1657441516  -0.0702119331  -0.4362604791  0.2794687975  0.6828386181  0.3858638988  
-0.7618740629  0.8388733385  1.598120325  -1.144250675  0.4214727754  -1.129639742  -0.03695430705  0.3178833438  1.11256987  
-0.614748669  -0.445066918  0.2617972706  -0.2354844993  0.232740972  -0.9976300666  1.151850093  0.5937468147  0.2157044756  
-0.3888738577  -1.037913011  -0.06089447562  -0.5530735008  1.907223196  -0.3546749167  0.5301105117  -0.762141472  -0.6614552042  
0.08507901607  -0.03404522995  0.5173027116  -0.1851304284  0.1416610921  2.573705262  -0.5198932773  0.7350094515  2.512793066  
-1.030166161  0.3153700598  0.4666968553  -0.3873072743  1.448293022  -0.6892249583  -0.6416461251  -0.866883608  0.3909173849  
-0.1593570679  -0.3747681644  0.02354897059  2.252092547  1.849532581  0.6134514715  -0.758184882  -0.6820699087  -0.03444840058  
-0.5991129337  -0.5942422815  0.1875092525  0.1411994489  0.3710780726  -0.3024887142  0.1356855024  -0.9006764043  0.3536711369  
-0.5570799808  -0.1911440158  0.8387529942  -0.07871624117  0.2989175489  -0.673408891  -0.04365483201  -0.4248458487  0.0529986748  
-0.6972284715  -0.216626368  0.9725387043  0.1263820081  0.1426116677  -0.5183389079  0.2683470311  -0.547646652  0.7174383893  
-0.6969735011  -0.05817536061  0.8716204082  -0.6367982857  -1.363743876  -0.5441159134  0.2789891769  -0.2657788995  0.7698868006  
-0.6841004328  0.06892786229  1.126337825  -0.04876816065  -0.1680915096  -0.5785773144  0.1995155411  -0.1312736291  0.8248251114  
1.033615656  -0.3778279854  0.3934856354  0.06764015576  0.1285711003  -0.4695951666  -1.270994515  0.5363574752  1.295477683  
-0.4844288283  -0.7589291901  0.5879694141  -0.4978876482  1.312303247  -0.6026948141  1.333910983  -0.4110019497  -1.329227061  
-0.6804021205  -0.07411437752  0.8890527037  0.09751746531  0.4882114648  -0.5985215721  0.8137008202  -0.8518373098  0.1956890206  
-0.2188920397  -1.339592037  -0.318255769  -0.1516414621  -0.1871834651  -0.3058602153  -0.3680753196  0.1368271513  -1.213543407  
-0.4849149158  -0.3196545795  0.7699032709  -0.8907971256  -1.433401327  -0.8456492801  1.599952252  0.6041767324  0.1943405014  
-0.7286327471  0.3844998459  -0.02914117629  0.2979104571  0.5096225813  -0.07326972102  -1.132802107  0.2762955156  -0.3024429674  
-0.7060823448  0.3772045763  -0.2249464028  -0.4733991927  -0.5441282714  -0.3319781637  -2.305283198  -0.8138141272  0.4197514869  
-0.6891318897  -0.2827967199  0.9130713555  -0.2870429735  0.9762116462  -0.5833537712  0.7140176981  -1.211209535  -0.5598572072  
-0.8204320465  0.1591824063  0.8544510163  0.3337349352  -0.1087234618  0.05712529452  0.7367784573  -0.3964840703  1.340764857  
0.251429538  0.09979377985  0.7428617919  -0.1287987604  -0.6197905666  0.09685462592  0.6039936568  0.9706407575  0.5411084082  
-0.5348615009  -0.4716317144  1.01114975  -0.2789699869  0.54787286  -0.499154461  1.366431128  -0.7203422287  -0.08782795596  
-0.9620483417  -0.2943716922  0.06784083503  -1.19008621  -0.2503848205  -0.5303571897  -1.116397018  -0.4204714168  0.5400053317  
-0.5432115881  -0.1896861134  0.2401423589  -0.547164508  0.2142784775  -1.308760017  -0.9464983874  -0.009146859405  0.6598916252  
-0.3910634628  1.070522942  1.53192234  0.07403699944  1.148581201  -0.7286460567  1.020279923  0.4500315349  -0.01685974439  
-0.9959799855  0.7245335687  1.264016013  -0.7570326229  0.03912553954  -1.19133065  0.41838636  0.504583496  -0.0498608292  
-0.6541830044  0.3119517949  0.6395229716  0.2550480821  -0.7752413524  -0.8862502027  0.2077046572  0.5016469725  -0.6050355479  
-0.974917379  0.7109046084  1.356752566  0.6458483361  -1.062679569  -0.8884471719  0.420597352  -0.5820888657  1.385678752  
-0.554277435  0.6063448134  1.007301341  -0.3799758204  -1.462910534  -0.7440379764  0.3544092828  1.715835461  0.8917668143  
0.4286180084  -1.501800586  0.2206776914  -0.6029426183  -0.9594177385  -0.1481300369  1.316535387  -0.01354111589  0.6013113456  
1.274572373  -0.2056777968  0.7311449404  1.207867906  2.822583953  -0.2774401905  -0.3477936847  2.111255708  1.524351546  
-0.1500464879  -1.202675264  0.0523463296  0.4854876319  2.011860769  -0.4228631411  1.165647196  -0.403759383  -1.280841175  
1.020340144  0.1116110069  0.4113778501  0.4369877172  -0.480553723  -0.7643642816  -1.355542344  1.106094326  1.702491381  
-0.4535941966  0.4497741575  0.2471988118  -1.040310903  -1.806137612  -0.4884920238  -0.06181497119  1.205083096  -0.2850142518  
-1.315900412  1.39208872  0.376513005  0.6311765185  -0.8174209508  -0.7887606581  -1.705578961  1.270853471  0.6290545874  
-0.5237941869  -1.105335294  0.687334458  -0.2435602949  0.05310893942  -0.2080756938  0.5594187189  -0.1492259394  0.4281463824  
-0.5466517079  0.3328284475  0.882718025  -0.3209102689  0.03334289749  -0.8969338883  0.834439986  -0.5894102791  0.2717222025  
-0.8274210636  0.3969709268  0.2285431743  -0.6037685574  -0.7190639756  -0.9940464412  0.06502420179  1.042723722  0.1482094639  
1.282984601  -0.6904261133  0.5918786424  1.649261434  0.8557689078  -0.1231736428  -0.8743049073  1.253290525  0.6401755594  
-0.6632093822  -0.4803437492  0.7714523697  -0.591878058  -0.6194898105  -0.9299488405  0.4664662144  0.8847947249  0.2875682706  
-0.5326324071  -0.7061302073  0.3100324427  -0.3893433191  0.1353539788  -0.8311444463  0.7245881879  0.3652663809  -0.7343182296  
-0.5963407061  -0.3097799837  0.02710120253  -0.9090198176  0.1761970152  -0.5691471438  0.9263993875  0.7128741995  -0.189907318  
-0.744495693  0.9366773332  -0.7787453196  -1.5074171  -0.6280180383  -1.212278067  -2.174722638  0.2699446855  -0.4795440032  
-0.8306741618  0.6106741535  0.2822524583  0.6091873307  0.08471882775  -0.6953178066  -1.067346687  0.1783210837  -0.7830118393  
0.07877949088  1.08296732  1.776348832  -1.096121062  0.7800439245  -0.4555575664  0.4678830586  0.5103202099  0.9610762478  
-0.811715346  1.314986724  0.720679537  0.3113495467  0.2359992982  -1.184745559  -1.695873917  0.03247548847  1.444633184  
-0.6753292642  -0.2683561256  -0.44451951  -0.8517401799  -0.2581328737  -0.5272784174  -0.05963910382  -0.3243404425  0.4021883488  
-0.2711005085  -2.017509659  -1.007496655  -0.8511032898  -0.7102965707  -0.141498814  -0.1561912404  0.1947860038  -1.103153179  
-0.8745418913  0.2315711666  1.195188718  -0.01526698875  -0.2574137586  -0.6367643192  0.9962215159  -0.6330880572  0.8069028044  
-0.2621950846  -1.598381626  0.2415035965  -0.6183650254  0.8824702056  -0.1415337624  0.7286505884  -0.7917615153  -0.7081519701  
1.00867206  -0.856240261  -0.1750291138  0.5527654049  -0.5794729511  2.56244471  -0.6818831032  1.914400942  0.1189488767  
0.9235444725  -0.6940223509  -0.2125043851  1.431410534  -0.6067011997  0.7369910652  0.4387786033  2.110412755  1.319145622  
-0.2884954288  0.4714677701  1.210393602  -0.6476841393  0.3167301396  -0.2968673866  -0.6478729448  0.727880746  0.8570600052  
-0.9198923748  -0.4164981862  0.03604845947  -0.3794180275  0.1783861206  -0.5642509206  0.7290763781  0.3168417837  -0.4783951095  
-0.7278064729  0.8657506223  1.235382782  0.2267759156  0.261362497  0.6216072363  1.423099481  0.532169019  0.2277504317  
-0.3802668808  -0.4305421134  0.9161637792  -0.03912389432  -0.2130071674  0.4064128522  -0.01166235186  -0.3149700729  0.1203419649  
-0.7441682225  0.4098028431  0.6609275326  -0.2023965393  -0.3732838913  -1.479773687  -0.8923842695  0.8198266484  -0.1612417468  
-0.3977073455  -0.7210852084  0.7370010016  -0.4787371639  -0.07640393098  -0.3100123187  0.8826414117  -0.3332515554  -0.03553262972  
1.879546166  -1.761532498  -1.743450915  -0.8678761184  -0.04806974737  0.7961767507  -1.573201767  1.544330751  0.06486874585  
-0.9121132709  -0.06045621801  0.1535173582  0.2610810228  -0.3375721484  -0.3903749171  -0.5472497474  0.4737547611  -0.5839784753  
-0.5974797826  -0.4372689366  0.65145216  -0.4272884344  -0.09418642463  -0.3529002795  0.5160471483  -0.7675818554  0.063149891  
-0.5877347045  -1.135652861  -0.9584112953  -1.048855949  0.6104760518  -0.3093007317  -1.425404572  -0.8333777514  -0.5444396495  
-0.737645518  0.1497815446  0.9803727643  -0.664065739  0.1738500839  -0.8027626168  -0.2083378403  -0.4848253962  0.8043947353  
-0.4787000836  0.1562040362  0.4718208314  -1.048176474  -0.4129646495  -0.9151389209  -0.8783670048  -0.30733325  0.440006369  
-0.9121533039  0.3706178696  0.8078416114  -0.7346105522  -0.3443036726  -0.1901060295  0.3271119941  -0.05954443327  0.7800972238  
-0.435019597  -1.072658654  0.291904513  -0.1260118602  0.2671898186  -0.374036827  0.3882961327  -0.4697635712  0.01350137781  
-0.7797116906  0.5312586382  1.187164469  -0.1184826145  -0.005514159954  -0.6408634652  0.6262368388  -0.2627827904  0.6761654038  
-0.5052914604  -0.4752221238  0.6250597186  -0.9429915538  -0.06943942706  0.04478924706  0.1724933496  -0.646999444  0.1624362471  
-0.4968182903  -0.8982912158  0.2151031912  -0.5206610178  0.53742528  -0.5315373488  0.6023189026  0.06267855394  -1.396073269  
-0.2295459163  -0.04247512111  0.3471428532  0.1896193044  2.401139171  -0.4454182017  -0.199318072  -0.6786468268  -0.01121644008  
1.224423995  -1.510306737  0.1601990809  1.318274799  0.6353138764  -0.2015590147  -0.372283532  -0.143466414  0.1135257449  
1.640555729  -2.175500901  -0.05631950988  0.5381097564  -0.02380955647  3.59707194  0.4337625059  0.9077889127  1.938204564  
-0.4357803897  -0.2067994815  1.087465053  -0.9779991742  0.01761600324  -0.5735806491  1.061603045  -0.5505665144  0.1809884902  
-1.126334936  0.985030905  0.7090506965  0.3258795509  -0.01152593955  -0.897390533  0.9806599056  0.8622180603  0.3267151851  
-0.7663636758  -1.283964528  -0.8362589597  -0.7819969738  1.605845343  0.1040041632  -1.391492458  -1.334969312  -0.6700639173  
-0.6859412574  -1.033651507  -0.6741577759  -0.3953864909  0.8882158199  0.2168837158  0.826131059  0.9428037506  0.151099763  
0.3636022333  -1.678845959  -1.340056002  1.62161145  0.9803982703  2.761213019  -0.6314110679  1.007974786  0.6055470706  
-0.6119187551  -0.9587373079  0.001816222578  -0.7938230327  0.0250798586  -0.2819761514  -0.004557870126  0.7057282666  -0.805439858  
-0.7451185215  0.3600828565  0.8233342417  -0.2759824129  -0.7685369737  -0.6129163737  0.5684975395  0.535221413  1.735632327  
1.911990205  -1.869832941  -0.05436940863  1.691162157  2.153157108  1.805709555  1.291308885  -0.8294233375  -0.1041309909  
0.2046287591  0.4459258498  0.3836017804  -0.7760299277  -0.5183252678  -0.9532230337  0.36923309  -1.806821234  -0.1083883975  
2.583129582  -2.181769013  -0.4176524075  2.943873297  1.387760521  -0.07010772686  -0.1171758143  0.7272789929  -1.253975644  
1.105953662  -1.597067429  -3.490915469  2.154371039  0.2280344703  0.08063177013  -0.5187173803  -0.8112597225  -1.724805032  
1.276456549  -0.8257699274  -0.2464651952  0.9424482088  0.5329588308  -0.7091770691  0.6075883897  -1.814350693  -0.3725642658  
0.4142417996  -0.4445170867  0.1287385034  -0.2190598317  -1.247893894  -1.040445678  0.8572021183  -2.057859318  -0.3395757732  
1.879979123  0.0865741322  -0.3576568493  1.026699988  0.2218648025  0.106051321  0.1165874732  -0.933106596  -0.3658253886  
0.1117085093  0.7095885557  0.06369340692  -1.385973163  -1.812318416  -0.4037826503  0.7647030126  -2.055217011  0.02109257359  
-3.718063939e-05  0.1147255711  0.2210758423  -0.8209384921  -0.9780392694  0.003090068574  0.6574553305  -2.270865305  -0.3970637704  
0.4281245322  0.4908956342  -0.8275692913  -0.5849305036  -1.226443453  -0.9407718239  1.244525595  -0.4758579441  -1.211862746  
-0.06088154456  1.120317821  0.288913526  -0.08623590883  0.2835869858  -0.5128889182  1.568663784  -1.332468424  -0.8867733258  
0.5140809877  0.1313652273  0.7999423885  -0.7203288143  -0.6239234101  0.3094549251  2.085274241  -2.256998176  -0.1355970098  
0.8743803851  0.9519597066  -1.09251484  -0.04510189932  -0.9762737298  -0.5416797191  -0.3489398779  -0.6971858375  -0.4536180122  
2.450196849  -0.4947940801  -0.9982593197  1.989124646  -1.007495399  1.915063998  0.6916966145  -0.5099359561  1.200055073  
1.072350675  0.6806193947  0.8359297483  1.594232849  -0.6612124819  -0.3242343658  1.616951854  -1.043419272  -0.7613930033  
1.021303859  -0.3987152259  -0.9123851874  0.7989867618  0.3967879717  0.1156165036  0.5836635454  -1.416604083  -1.302193343  
0.114862122  1.010444476  0.5253355828  -0.07950914781  -1.312596261  -1.060874261  1.840675314  -0.9022549536  -1.486071378  
0.2700447098  1.004654221  0.4991108258  -0.6290736616  -0.8499629377  -0.509384817  0.8385832121  -1.258897897  -0.2468598424  
2.093097314  -1.239638989  -2.276651223  0.2529164922  -1.037202982  1.485174748  -0.1758451717  0.07735099997  1.1719659  
0.7016208916  -1.873266383  -5.305678691  1.055006162  -0.2004297528  0.7457189436  0.1931493931  -1.198102568  -1.287819636  
0.1871782301  -1.092298739  -1.6563402  0.04991882341  -0.08272672182  -0.05992433403  -0.4775980097  -1.116604827  -2.511066286  
0.1281359536  0.06637994368  0.5587879245  -0.2805968583  0.1755751044  -0.6198595699  2.086661818  -2.161681164  -0.645643298  
0.1513851088  0.9257712716  0.4734915167  -0.3326099166  -1.327888966  -0.9478851466  1.302361419  -1.855525607  0.4040750646  
1.698990272  0.1886528225  -0.04851547282  1.72343366  0.5204964426  -0.008443958982  0.4327075993  -0.3478967786  -0.6022572623  
0.2249109734  -1.035195929  0.009322962661  -0.7990718282  0.3215637838  -0.252727675  1.581340492  -2.711624741  -1.198250564  
0.1446783807  0.8125758604  0.8741637124  0.9935852851  -1.085910038  -0.4997755111  1.13446464  -2.038481767  0.4620624255  
0.2492528802  -0.1915478624  0.03389651818  0.2260088962  -0.5763118493  -0.5917633536  0.5624276219  -0.6300351827  -1.882871849  
0.3677146982  -1.856479061  -1.026626339  -0.8002029975  0.8824933386  -0.1863677306  1.021983433  -2.275712641  -1.494395982  
0.1718948597  0.4252232448  0.1292859925  -0.4159423546  -1.499664248  -0.7628424154  1.431389679  -1.427050025  -0.9458815415  
0.1005275109  -1.380017664  0.1180939936  0.2280525545  0.1980052212  -0.1826358412  1.539332803  -1.581376861  -2.476759016  
0.07875784385  0.274212889  0.9052613682  -0.4972498825  -0.8133593009  -1.084808264  1.395237814  -1.234071889  -0.08886048062  
0.1266210706  0.9141640084  0.2429291355  -1.468375297  -2.08915779  -0.3613589966  0.6241636579  -0.5957212543  -1.106955497  
0.0601909422  0.01291392898  -0.1513024839  0.7270243032  -0.7756706778  -1.053827479  1.4113972  -1.415733559  -0.8202843835  
1.689799353  -1.043363282  -0.3584903581  0.9609201185  1.052425004  -0.8611836337  -0.409025402  -0.916263372  -0.9335145885  
0.3647174775  -0.646989563  0.2525674912  -0.7038557985  -1.941274437  0.4059988139  1.380367937  -1.393930008  -0.04141019529  
1.539778218  0.5324854335  -0.2812536062  -0.5089073647  -2.32830231  1.566549149  0.8691915132  -0.9323642647  1.366079647  
-0.007533300788  -0.9351823268  -0.1282131659  0.05217174347  -0.8427693346  -0.2759992842  1.714831188  -1.59990241  -1.675293387  
0.2675505462  2.711083183  1.834090934  -0.7870664955  -1.217133208  -0.004942654952  3.601941236  -2.36301773  1.471518884  
0.375697695  -0.8031033267  0.01720334263  -0.2214314583  -0.9609373845  -0.4129552437  1.554496697  -1.566942749  -2.058835138  
-0.0004790941827  0.1189126134  -0.6139758764  -0.3889002865  -1.782671901  -0.144146808  1.043218519  -2.574811435  0.672028771  
1.994276185  -0.7247188382  -0.3995969541  1.16203519  -1.55089323  0.4412721284  0.5754607735  0.4635269233  -0.372237423  
2.875896068  -0.4359624029  0.1127158126  2.93299127  -0.5412223523  2.528226647  -1.80599505  1.079018856  -0.053033444  
0.04819605321  0.9740847084  -0.1645386253  -0.3851927014  -1.879155582  -0.4547529089  0.6592488073  0.2902289226  -0.5026500022  
0.2588686977  -0.7368293376  -0.4043929506  -0.03521275584  -0.5261018911  -0.4234864604  0.9136583273  -1.514626912  -1.949660856  
-0.4214091157  0.5359037648  -1.414532394  -0.4521075535  -1.529631902  -0.07656970492  0.8738953502  -1.36297336  -0.7153327701  
0.4375704498  0.8488022289  -2.02819367  0.3937871365  -0.1275937364  -1.097324437  -0.1166182547  -1.634070357  0.177042948  
3.299787956  0.5221087655  0.2357586686  2.564119858  -0.2398774185  -0.3995697266  -0.2967128241  -0.1481512417  1.836561278  
0.9878155631  1.516050873  0.720543944  0.08735264064  -1.053343518  -0.8647091296  0.09460479361  -1.131210648  0.7540242886  
2.327835605  -2.818740347  -1.094688796  3.043545929  0.05090539464  0.3742164836  0.03665581478  -0.5744935667  -1.445958661  
1.176364593  0.7868949528  -0.6019730733  0.822177133  -1.412705745  0.3043492207  1.208347696  -0.2219013073  0.3146396344  
2.433972566  -1.579830043  -0.7285214885  2.603709338  0.2246378312  0.8673614959  0.663890388  0.9544894571  -0.3992025949  
2.687063955  -1.069300622  -0.7182416322  3.232730256  -0.9622036814  2.2823015  -0.4256634464  0.2961844765  0.06878876238  
0.4714680858  -0.3226780787  -3.504775808  -0.8603757116  -1.704982949  0.02769192693  -0.4489792573  -1.910854449  0.06321863986  
3.997405113  -0.3162812923  -0.4389053549  1.495937904  -1.155823761  -0.4475350502  -0.7858260955  0.4553267515  1.77000566  
0.2545102262  -0.01587581827  -1.791068812  -0.4785201484  -1.785808856  -0.5739590339  -0.01658246178  -1.072936564  -0.6224999513  
0.3192192666  0.1606009569  -1.376141374  -1.079853833  -0.6098987505  0.4300394168  -0.3752382682  -2.473231746  -0.6658250436  
0.2143521786  -0.7594319371  -1.205412861  -0.07604907236  -1.268179123  0.0335108091  -0.3154646771  -2.147499746  -0.3608699816  
1.562179935  -0.2033308213  0.2008076866  0.811918385  -0.6082124995  0.5888478836  0.780188351  -0.5196184073  0.6124916915  
1.788488534  -0.3769740243  0.1125506604  2.331909661  -0.2215916672  0.6842182882  -0.03786491131  -0.3485086787  1.345257308  
0.2487677195  0.1071974299  -3.233846201  -0.2108845447  -0.6433542595  -1.056951791  -0.485747763  -0.6625594467  -1.499104471  
1.548098521  0.3364507036  0.612251336  1.042815566  -0.4904156866  3.230772932  -0.693038468  -0.1606736783  0.5059228449  
1.253851812  -0.8577931671  -2.188919068  0.609270251  -0.7308798538  0.1777719558  -0.01588537207  -0.3755905878  -0.6025259454  
-0.5420668817  0.3774653393  -1.1169379  -0.1432508033  -1.58312968  -0.4582631222  -0.5962550059  -2.18273305  -0.3236149105  
3.351773633  -1.856758556  -2.131264474  2.044967331  1.37216979  1.886369281  -0.0813032767  0.5401073702  0.3637924228  
0.8965036893  -2.335284284  -2.410893593  -0.2618231211  0.7322570607  -0.1396004143  -0.06238841233  -1.76968197  -1.019010904  
2.123974094  -1.624343497  -1.480758596  2.129636337  -1.019199273  0.8506913814  0.9238285801  0.539218807  -1.1395407  
2.841281884  -1.345745324  -2.78226511  1.261010086  -1.306367247  0.7741144011  -0.2712521352  -0.7425087398  2.434017202  
0.6983413995  -1.147592372  -1.210498631  0.3990360557  0.01933192985  -0.2336832581  -0.2073963823  -0.9910933678  -0.2997715609  
2.653909928  -0.5023988939  -0.3664509035  0.5285825015  -1.29072583  -0.116072578  -0.5479726884  0.9660334313  1.523285287  
0.7667502851  0.7922484732  1.094394619  0.2354557455  -1.43957205  0.8280846705  -0.02618582653  -0.4465979341  0.9971966287  
0.6904304509  -0.03744605178  0.1557738179  0.2238399205  -1.802800922  -0.3222032946  0.5797897722  -1.914396518  0.3966864204  
-0.06867696869  0.7691343237  -0.3795273688  -1.26357956  -1.260025234  -0.3665958383  0.6664568319  -1.998291013  0.609865599  
3.689501388  -1.139129196  -1.347300437  1.157525922  -1.000591224  1.674060712  -0.1923750053  1.798842738  0.995481509  
0.09436162102  0.6783381088  0.5267921166  -0.4568074463  -1.876461496  -0.02192735333  1.933635983  -1.213125405  -1.089088323  
-0.07596932987  0.9147186351  -0.4505554726  -0.5615949552  -2.222168428  -0.5466120309  1.486438645  -1.192696477  -0.5007055552  
3.707677614  1.080090937  -1.225484343  1.409286784  -1.11793713  -0.8015624877  -1.25741642  0.4335861032  2.620973786  
-0.232524549  2.096412819  -0.1941452278  -0.2733672959  -1.996061976  0.06901285958  0.7269802863  -1.451433786  -0.7636912514  
0.1927630373  0.431879698  0.9601957968  0.4270543883  -1.046388003  -0.4582760745  0.9137336793  -1.76832321  0.2241984664  
0.3936278616  0.1620829075  -1.111868621  -0.1089655821  -1.81449231  -0.5087837662  0.7067372619  -1.593729362  -1.369340679  
-0.009308142999  0.609884922  0.974940746  0.1299043482  -1.572799833  -0.2695702009  1.132219458  -1.804694527  0.006930864494  
0.1601093124  -0.07399382293  0.5546891642  -0.3256767945  -1.594522178  -0.3588541305  1.399799981  -1.816166303  0.02988829194  
2.033933107  -2.291274099  -1.198923592  2.458841325  0.1050415584  6.164936574  0.6904840606  0.7090649646  -1.732171517  
0.320008931  0.1288523055  -0.2622571203  -1.450840464  -1.510499965  -0.5773662535  0.6603683918  -1.315235629  0.9296319898  
0.7683259247  -0.3674655372  -0.3167202607  -1.479706469  -1.271062242  1.39699959  -0.107033203  -1.400403284  0.7853520945  
-0.01977352305  0.9518071628  0.2076089985  0.66198571  -0.9991284553  -0.5249636834  1.401117774  -1.281236541  -1.339106952  
-0.2348514156  -0.6261288542  -0.1810494253  -0.01853862691  0.01333696509  0.6723802949  -0.1738450467  -0.09090609599  -1.415387241  
-0.4237847315  0.1274304168  0.430157741  -0.2842975953  2.052274119  -0.05086650278  0.2814501355  -0.3945133199  -2.031774525  
-0.1857657054  0.4787687919  -2.860987401  0.5704829287  -1.582719345  0.6205514203  -0.7459439611  -0.2868580487  0.9656564494  
3.029318905  -0.242399629  0.4859065739  0.8068898519  -0.2255554287  0.2111667274  0.2702285754  3.797144545  0.2405620038  
-0.2735621605  -0.06039426285  -0.7118338755  -0.4237800073  -1.167869916  1.293704905  -0.8530390131  1.345423909  -1.421645514  
-0.7089119167  2.264208675  -0.0539763387  -2.538484964  0.04780398128  0.2009673772  -1.283036851  1.518954383  0.1100278623  
-0.6210691393  -0.5945654643  -1.671116977  -0.3896390757  1.440563644  0.5989001573  0.4737715348  -0.2551120916  -1.128294682  
3.228173925  -1.334446085  -0.5624109348  3.029694147  0.9963832663  1.715041291  -1.942999387  1.793893154  0.4437811304  
-0.2641556106  -0.5152560314  -0.3512238885  -0.8938921631  0.3987667869  0.1726346909  -0.5744112655  -0.03976023412  -2.352098385  
-0.3683426532  1.5062466  0.2552511849  -0.9894073824  -1.636930739  -0.4911627914  -1.427897407  -0.1935464564  0.4830590821  
-0.07629406918  0.2337471415  -0.9845473018  -1.245668822  -1.03370936  0.172591684  -0.1043951611  -0.09074561653  -0.3438823475  
0.1844866531  0.2404532902  -2.162186138  0.654609503  -0.8019443007  1.891329988  0.3945334916  0.6281756292  0.5977966728  
-0.5180251543  0.2296613235  -0.1776580783  -0.5765536836  0.695014664  0.5974973736  -1.548831176  -0.6690097166  -0.9847398318  
1.283590178  0.6537223026  -0.7426957176  0.05079989189  -0.2393984131  1.363263734  -2.54989374  0.9426468322  0.8023954891  
-0.1167182808  2.308011755  0.1559170311  -0.5796455273  -0.7418101393  0.2279753397  -1.603543816  0.7817218388  -1.450227453  
-0.8862700757  1.263804569  0.1771318183  -1.300022787  0.5553203738  0.288379424  -0.08635279204  0.2073491433  -0.7283392798  
-0.848105892  0.6866712604  0.1068324327  -1.627220437  3.859426732  0.2341323673  1.060763807  -0.8362634765  -1.193800262  
-0.7740768921  1.119178384  0.161580609  -0.1143978798  1.080446369  1.190458627  -0.1704699409  -0.4434702403  -0.5851947698  
2.901238886  -0.7779175043  -1.992984542  1.60737047  0.5373436569  2.697118074  -0.4955918172  2.864794336  2.722917333  
-0.8950131554  2.136522362  1.321971332  -1.427077511  0.7567219295  -0.8086431678  0.2915059447  1.13297595  0.2040329265  
-0.09320873357  2.003858769  -2.866270528  -0.958020912  -1.280281958  0.1546017066  -1.809779349  0.8765088815  2.237249357  
-1.040269019  1.499775579  -1.067872264  -1.147852556  -1.023641512  0.7667047975  -1.638979358  -0.4741620691  0.5074165873  
1.845085475  -0.7375181658  -0.6723617429  2.999567124  0.4998354056  1.723469452  -1.917114789  1.669353274  -1.763302464  
0.6167319056  0.7197941314  -1.006035857  -0.8245648269  -0.2740517238  1.696216844  -2.277987694  0.255423406  1.013100529  
2.12353169  -2.105659116  -2.308538057  -0.07856153975  -0.453860885  5.326254792  -2.399485838  0.5397468773  -0.7342320497  
0.8070536254  0.4322331023  -2.648447968  0.6986964045  1.99224313  0.07373652428  -0.419932562  -0.08148741422  0.5307353542  
1.340836948  -1.142377091  -0.8696956489  0.09345832562  -0.36358026  0.6809666552  0.1358390673  0.9736732555  1.604615782  
-0.7039629964  0.9856936603  -0.6580361826  -1.699199388  -0.2043197734  0.187809653  -0.3030279958  0.9080152736  0.2225113769  
-0.4482851038  -0.2515795745  -1.339771231  -1.533287617  -0.03320036861  2.146939882  -0.79479587  0.09295302585  -0.2647237348  
0.1598446927  0.004718513485  0.3429414853  0.04402162774  0.3151798962  -0.1766095276  0.493058415  -0.4438670514  -0.3100629365  
-0.4856643018  0.05144650786  -1.773519452  -1.971552295  -1.086432624  0.5993375067  -0.7020106832  -0.294442698  -0.5676737041  
3.51199692  0.1968335502  -0.6604457147  2.130206406  1.439978779  2.209229731  -1.97386045  3.020301146  2.816933518  
-0.2549918631  0.8299572225  0.8807052823  -1.354979864  -0.7188531337  -0.04834700423  -0.8288389722  -0.2992488993  0.3456121588  
1.602520549  -0.02365242917  -0.1626176701  1.379458188  -0.4465500313  0.2160387401  -1.620396241  1.652496715  -0.9129634235  
-0.7728169671  1.014707398  -2.487798264  -0.8784495502  0.3097160984  0.7034930848  -1.458695852  -0.5547926732  -0.3235378581  
1.081413467  -0.4538363719  -1.445335098  0.3117867325  -0.2092187074  3.195758969  -1.88596206  0.1073503105  0.5251962845  
1.295151971  0.2673400498  0.5341100206  1.53882399  0.1482512716  3.513866432  -0.8287922002  2.483410903  -2.100320992  
-0.2030764928  1.489403013  1.387187196  -1.664771708  -1.601674626  -0.4113522202  -0.05823993025  0.07580124264  -0.7247053587  
-0.4462353942  2.394368083  0.8209847926  -1.253265374  -1.329256781  -0.4335837998  -1.067784668  1.270960431  -1.449737377  
1.458327988  -1.110829863  -1.319407496  -1.249485295  -0.7926094764  -0.2940215319  -2.055336226  1.40622855  -1.336025328  
1.273658944  0.5686768351  0.663255783  0.1788816252  0.8599837012  1.002088118  1.617672033  -0.430204703  0.784324287  
-0.5299800391  0.842637929  0.8022588299  -1.584618988  0.02466132158  0.3968301053  0.1011753437  -0.9008235967  0.07073496084  
-0.0487083635  1.165779722  -0.667699515  -0.8286236984  -1.694142111  -0.5274617645  -0.505973517  0.3846793085  -0.2364749094  
-0.4623748297  0.4212025542  -0.5937214905  0.04559418447  -0.3282232207  0.5610965879  -0.3360477236  -1.384994384  -0.09447979082  
-0.7578948856  2.288761044  1.519374959  -0.3165549975  -0.394901754  0.424949945  0.2393751731  0.04335389788  1.418953143  
1.127111812  0.5799489509  1.558393713  1.619981282  -0.9489687704  1.788137776  0.07891812441  3.099206761  -1.187008326  
-0.4152035785  0.03237989383  -0.5164472566  -1.282904191  0.5364113651  0.8830832632  0.9422985722  -0.4544402371  -0.5843129325  
-0.1657016628  -0.04679021569  0.7755901839  0.1695017389  -0.9548139797  0.09975605648  0.314361231  0.3877814385  -1.751478894  
-0.8594713639  1.174694753  -1.272849238  0.4657774323  -0.3430493879  0.1719912419  -0.9666005482  -0.104960365  -1.424536502  
-0.5242358561  1.247339249  0.2668608175  -0.8116949004  0.5287105753  -0.05189074811  0.1453065797  0.067313874  -1.817869257  
-0.3356323619  -0.4579975473  -0.3848593486  -0.05131917616  0.2965539589  0.06792506927  -0.2609800406  -0.3623329715  -1.624857962  
-0.2633101914  0.1934948061  -0.5401004915  -0.8543764057  1.054270606  0.6794042459  -1.958276722  -0.7577936349  -2.262378382  
-0.1741364251  -0.2772789254  0.823678451  -0.4490376248  0.07869932624  -0.07079710015  0.2558568857  -0.5543973535  -1.058203681  
-0.1910321207  0.002943262094  -0.5084235397  -1.607292621  1.25850756  -0.3218758281  -0.9123736431  -0.4800168269  -0.8482763755  
0.208385066  1.302267761  1.282143432  0.1520918542  0.8877249483  -0.2540305871  -0.1912574113  -0.2033746043  -0.5601718056  
2.155467539  -1.154578078  -1.660875483  0.9070349874  1.532043931  1.977805519  -2.63001822  1.231955973  0.1868235431  
-0.5679111269  0.1125008026  -0.9167323685  0.9351908438  -0.3705467131  -0.010090536  -1.581222506  -1.199737961  -0.2189096349  
-0.5296118928  0.4546019822  -0.02258274469  -0.5517938822  -0.3711990715  -0.2260502065  -1.541985677  -0.8818640744  -0.6549123758  
-0.8128942743  0.9682902459  1.079928465  -0.1560286384  -0.5511959607  0.2213898941  0.09077739632  0.7772712908  -1.329056168  
1.505051681  -0.1463633928  -0.4224091464  0.3960462553  -0.8964583187  1.351025819  0.5582094764  2.696006504  1.171758681  
-0.2569214032  -0.4565980354  0.943594041  -0.1550868  -0.6614683986  0.1788779265  0.1468375095  -0.465372481  -0.5088750109  
-0.6818129989  1.790416494  0.4842335046  -0.05806535541  1.103451817  -0.4827656977  -0.08543182171  0.2563155852  -0.2192897343  
-0.3074301824  0.593104284  1.270010675  -0.9774181341  -0.8756512263  -0.09413025046  0.2035683863  0.1143453523  -1.33447493  
-0.4545899749  -0.320670338  -2.054491796  0.4305413068  -0.2446490661  0.7404609336  -1.255005149  -0.586557426  -1.417597035  
-0.3643803601  1.057551155  1.0302655  -0.4271283942  -0.4871203342  -0.00692499223  -1.354009522  -0.7691440642  -0.2314741684  
-0.1189715168  -2.509632665  -1.057025926  0.1494319321  0.3301800323  1.732110843  -0.9613531993  -0.2062321099  -2.557589878  
-0.3630080716  0.6238434311  1.055084043  -0.6550365369  -0.007889999782  0.1094023739  -0.03488519702  0.06578354867  -1.845646582  
-0.03976554746  -0.1491898482  -0.2363623131  -1.068056475  -0.1212128069  0.2307495185  1.938505154  0.1041021078  -1.034393638  
-0.471634185  0.1680655072  -0.05528772429  0.0785500146  -0.2553103859  0.5642313717  -0.1609770911  0.4834140756  -1.36152587  
0.07888414286  0.2230322691  -1.1492256  0.1862250473  -1.377007762  0.9556313242  -1.637963712  0.1748965471  0.3190683642  
-0.1794168717  -0.4554636064  -3.587022258  -1.135959298  0.7644805719  0.4469452078  -0.818044807  -0.8673590945  -0.3945033814  
1.055645709  -1.29101287  -0.5159538228  -0.4127365756  0.2543042351  1.596690636  1.965592915  0.4343474916  -0.2449959093  
-0.555303994  2.145234701  0.6649917989  -2.018504268  -0.5634922561  -0.9594861427  1.100076585  0.1289483459  0.7133665287  
-0.7048109609  0.4740918465  0.9351096667  -0.4152623726  -0.3710683456  -0.0440459945  -0.116805  -0.1656980812  -1.752273645  
0.7113748704  0.2295192785  -0.8557365033  -0.6892525402  -0.5912030799  3.760099353  -0.3906558219  0.9703539002  -1.388211372  
-0.5366025693  -0.0569631653  -3.063689953  -1.159462015  1.276449001  -0.2415668841  -0.9155525513  -0.8053041086  -1.115165143  
-0.4071928875  0.009348639947  -0.241063727  -0.3892228592  1.60629233  -0.1908640515  -1.625763335  -1.185521317  -1.707428616  
-0.5494526061  2.439140362  2.469871006  -1.543711369  0.325848102  0.1522786913  -0.9404954123  -0.5458093523  -0.3487759429  
0.08643547146  2.017012313  -0.6621902219  -1.628557426  -1.192396992  -0.1568369116  0.5207393467  0.97172853  -0.2349619733  
0.151495525  -0.5383426164  0.08426535245  -1.234348837  -1.143211233  -0.09180301545  0.6343685134  -0.3883597373  -0.3086533763  
-0.4639841189  0.4294666375  0.4870798151  -0.4217865435  0.4606271553  -0.08026757854  0.3827761646  0.7259232475  -1.54737575  
0.1042925789  0.9102880799  -1.364572678  -0.3575686416  1.292975362  0.2434088509  -2.503919  0.5252251788  -1.555414374  
-0.5761533139  1.707128151  0.01551144185  -2.545746591  -1.642372576  -0.2896237522  0.9642782202  0.2979337917  -0.5833190451  
2.648512668  0.7620668482  -0.2629600731  0.8858642042  -0.5853177202  0.6402911617  0.8479796847  1.407966096  2.163161551  
-0.3489110435  1.103731798  -0.08866612928  -1.496371123  0.03395289084  -0.7085197767  -0.5297176655  0.1090311588  -0.1540888108  
-0.7170335847  1.639115242  -0.08746422266  -2.591830056  -2.21458049  0.1961474018  0.2683261953  0.689667227  0.4001198244  
1.582522256  0.6177869727  0.3924096975  -0.48615304  -0.3277631392  0.4087824901  0.7144721789  0.8384177553  -0.1866458168  
-0.5151316418  2.173160863  0.5059538909  -1.039579274  -1.122280097  -0.1860614379  0.3969790246  -0.06999590565  0.4987476082  
1.100843139  0.1007949894  -0.2509490183  -0.1621003253  -1.416576689  1.709298012  0.7221941435  1.800958349  0.4052215539  
-0.6235552215  0.2205748684  -0.01698856771  -2.022914567  0.1899674  0.7805069771  -0.6175346384  -0.03598159882  -1.5895109  
