15990.30202  
10524.08173  
4173.172208  
1993.236347  
120.9888782  
679.611835  
1115.205782  
833.5568432  
1649.734659  
2970.002211  
457.8954252  
387.5805439  
93.57096409  
276.5781529  
80.12457512  
250.5199942  
711.7648523  
671.6886694  
120.7085288  
202.2137775  
355.3081038  
38.36403108  
747.0884358  
741.1683368  
212.1883772  
1313.497764  
361.5147875  
77.02885364  
784.4935379  
391.2615404  
601.1352374  
5.921839561  
437.7569733  
389.5239428  
58.92278635  
756.7875715  
32.44371329  
835.8164297  
950.8262905  
24.77577548  
10.623012  
438.7464313  
818.8614365  
764.256989  
346.7011682  
976.3668462  
146.7654667  
277.4474736  
264.7786058  
737.9953824  
305.5248678  
58.44715599  
597.3535132  
456.0168671  
1002.942788  
430.7816091  
292.879012  
1352.956385  
306.9461923  
70.0696903  
390.4530309  
114.3184385  
83.0023234  
119.365884  
868.1988453  
343.2331443  
42.45778378  
647.0801525  
195.5801082  
175.8176695  
6.274298227  
556.1441872  
379.5268014  
130.7487309  
410.7405101  
427.5502561  
482.3445887  
1069.156875  
906.5994684  
157.0004282  
48.19647321  
1415.78417  
1282.393404  
151.7684438  
133.7444565  
389.2622198  
667.6855769  
690.5923881  
110.1650055  
509.1596113  
77.60985654  
836.0005707  
74.87428614  
257.8223771  
130.9560932  
115.8044671  
530.1269317  
53.62429699  
900.0955119  
2102.354642  
298.4841283  
114.6860202  
1379.80541  
279.1832951  
649.2941874  
114.1774273  
1113.314097  
316.1651493  
600.896013  
460.1003818  
23.38992269  
541.0129375  
20.32108942  
176.8402342  
181.7940733  
6.688232415  
37.97437844  
745.1689149  
802.7721323  
886.4857903  
88.05488583  
450.8166617  
621.2032332  
131.729779  
243.0994783  
83.32109388  
31.63239705  
942.2348428  
302.2945992  
201.715621  
307.4669865  
18.95996258  
714.0862482  
32.70399217  
302.8501369  
174.3618027  
59.39868088  
156.8652348  
189.429349  
73.09440924  
440.3949128  
1164.275129  
574.733188  
164.7331723  
640.6283749  
66.34465548  
899.8964775  
365.0085834  
178.9794816  
271.3342005  
109.6071078  
1683.443066  
207.2501588  
14.87325164  
214.3214402  
78.85058317  
311.0159812  
45.91423745  
770.9384342  
639.6512605  
65.16710242  
1128.261507  
109.819737  
141.8980463  
2074.462537  
363.0852866  
438.7541151  
35.40015235  
155.3820403  
74.8049838  
18.73289649  
392.0544181  
134.8414403  
456.7551793  
102.8612135  
198.4695253  
1577.296854  
582.8782361  
180.5576456  
185.6284156  
289.1578939  
880.4838769  
759.282012  
409.2717188  
81.89223308  
206.8816397  
527.567033  
550.4807511  
371.8715945  
60.07031366  
875.0699171  
328.4747981  
126.5969519  
7.273243983  
267.2415018  
1907.811992  
1086.890752  
61.73127221  
130.9562166  
439.6978978  
334.6388007  
32.34635617  
491.407412  
20.71006211  
315.738016  
725.1546368  
733.0042801  
162.8223283  
298.8510345  
178.0732009  
492.1017815  
84.70313975  
141.3674844  
64.10318057  
116.0078946  
958.5928529  
368.8369588  
186.3183262  
345.9980347  
330.4502548  
22.85487093  
241.2662778  
326.5638586  
987.5809933  
300.3621129  
731.2986196  
692.5682855  
623.5478279  
228.2774507  
2170.817818  
618.7421193  
77.94779959  
352.3065986  
443.9934033  
127.8241715  
157.7873168  
1340.753715  
879.4264736  
656.1272013  
401.9762821  
0.4511760559  
379.8471984  
1026.383404  
918.1421619  
70.55531015  
382.4140135  
57.29099961  
91.16911603  
314.5816473  
1509.963364  
574.8927238  
47.99051307  
88.29414987  
774.8574498  
128.3076779  
439.464869  
254.4955381  
680.4134789  
1922.850408  
1586.968875  
404.6330778  
1244.855683  
1195.815831  
131.7180909  
328.082062  
512.6740599  
85.18162832  
276.7783831  
507.4809703  
39.29309592  
664.1610665  
114.9814505  
324.2409045  
470.3005018  
969.7343512  
118.5314423  
322.676212  
285.9918661  
68.53101798  
537.5412388  
1240.979217  
479.0400989  
613.3657553  
469.0186344  
