7669.815481  
5743.335492  
79.52231921  
208.1353712  
191.7617278  
388.2928137  
2788.313573  
804.6783613  
205.5174218  
394.881024  
60.88137884  
190.0826016  
101.5205533  
470.7640119  
1390.95892  
131.3819885  
117.685215  
1529.862564  
2226.109544  
41.12950478  
477.7963525  
414.5843224  
368.6227445  
152.7465282  
709.7118343  
2961.806782  
148.8606333  
167.2101946  
204.0385251  
585.0946956  
539.9284537  
100.1486578  
505.4319983  
102.1562668  
717.4736399  
174.2782341  
1409.765024  
744.2280959  
1103.844368  
9.984915002  
1129.285083  
281.3817268  
483.8358048  
337.0243203  
163.0980929  
503.1158742  
547.6185394  
253.9397681  
499.4100789  
1155.555734  
185.8551724  
236.0944803  
224.5148184  
318.8576017  
1368.637161  
172.546356  
1068.527054  
290.5101384  
266.4557366  
264.6836499  
510.6190054  
110.9857464  
31.71613578  
524.5677839  
1106.317719  
123.3387164  
750.3628075  
1154.800071  
788.8172526  
43.69225483  
889.5569137  
155.1105542  
537.6266029  
735.2758112  
1128.603685  
1007.548934  
308.1635315  
1317.177911  
392.8677438  
1190.272112  
236.9151388  
879.5421085  
392.9466272  
424.3686347  
138.5810323  
103.6386092  
334.792282  
13.68038515  
92.8354095  
182.7184261  
66.45934169  
2.440156921  
295.389275  
308.9367811  
541.7663712  
435.5924889  
426.7505168  
211.7421115  
1066.467266  
1734.970965  
545.9016601  
171.8366428  
219.86527  
28.3700775  
684.9594134  
350.2582016  
1629.221932  
385.3998205  
1158.458352  
956.1612153  
1124.490164  
1233.382411  
493.1202721  
353.8262998  
290.5297029  
1048.780323  
551.4492751  
948.2221876  
749.5393644  
12.48787139  
335.6812071  
232.5063856  
287.0546315  
83.65266722  
1278.741463  
214.3343653  
75.2334796  
367.3628627  
509.8386454  
498.3033938  
128.0824886  
460.2327193  
1081.649564  
143.6348885  
55.05915009  
709.1249461  
95.60057441  
229.6416565  
953.7961956  
1022.268299  
1328.511134  
225.8333801  
536.0421786  
663.4864552  
32.84016135  
99.32517218  
93.10347197  
214.5927905  
219.2115995  
659.5242035  
139.5772872  
2145.743793  
1240.638457  
364.8609904  
782.1238272  
169.7443614  
856.965443  
96.44593885  
1520.062065  
1032.583419  
189.6615577  
108.2270524  
189.3564217  
519.2715148  
730.409822  
846.7208224  
700.139221  
340.1453557  
1003.903478  
319.8349467  
61.11973048  
2192.184561  
94.65561184  
586.1915268  
170.154036  
111.9038317  
1028.360834  
288.8877873  
46.9655024  
96.93470511  
127.9223662  
5.264807148  
354.4916684  
448.3998097  
135.7300817  
281.1162891  
201.091144  
142.7970917  
621.7141253  
49.34194651  
734.5465812  
734.9952331  
2228.569978  
340.2670599  
329.17419  
721.9013391  
202.8261369  
11.87022976  
228.0383188  
265.1720538  
161.8798898  
61.12988198  
622.654441  
126.4741536  
730.5540929  
44.75726461  
275.5209647  
27.20121049  
50.07038784  
1138.053804  
22.8642335  
1747.676117  
370.9047166  
412.0851502  
511.059159  
1285.041914  
334.7073501  
415.5544474  
381.3702252  
108.6480751  
8.315634573  
369.4933988  
967.8179527  
341.4948665  
138.8566988  
137.3797752  
1046.169757  
2155.66745  
257.5242955  
1175.277453  
428.7320827  
199.3896957  
187.5067459  
686.7659359  
1076.75648  
151.9313253  
2206.754006  
668.7686135  
359.7532322  
993.1788456  
859.1878059  
544.6098567  
253.604949  
736.7276447  
61.9143976  
540.7337091  
129.7989483  
414.3683007  
1072.302781  
1185.256275  
285.3308498  
124.3343796  
115.4820652  
201.6226597  
182.5019979  
275.4090706  
362.8429562  
101.6001192  
391.138893  
932.5073069  
22.81070603  
2180.996469  
876.1781092  
318.4734765  
173.4197725  
682.8770029  
133.5798234  
279.1552499  
125.5514133  
177.6623019  
354.8841849  
152.7335994  
119.4200329  
43.64050093  
42.29267332  
400.5526133  
881.5687679  
842.6168128  
181.0345708  
1090.543961  
819.7546896  
355.4365828  
38.40543522  
1205.230156  
