12190.16339  
7834.663373  
2527.872743  
498.1080286  
207.5500879  
46.53509528  
541.0756283  
26.24722137  
336.0646537  
827.0617744  
2451.438977  
2036.850035  
1527.100122  
31.69395044  
56.91038292  
207.3070058  
98.98892189  
724.1723159  
240.4200493  
987.9863819  
529.5554547  
68.02304363  
756.8182933  
51.09178076  
747.7667638  
2889.020195  
192.4957525  
114.8689822  
701.9283849  
206.498733  
174.0477689  
312.7229434  
317.6525867  
15.80073814  
138.906898  
131.8923303  
503.1409631  
674.277961  
152.010546  
227.6003638  
190.9493996  
485.948951  
831.9100103  
19.4482552  
71.53495564  
184.940226  
461.4711211  
240.4257053  
658.1608551  
1834.31739  
88.95137581  
757.2948544  
86.95538005  
142.2490823  
2973.52244  
266.3970668  
208.5583618  
833.0129809  
232.7484035  
38.50620756  
534.58508  
173.7954897  
221.9027881  
312.220059  
625.2356712  
12.54401604  
1319.916034  
466.7421035  
2217.95178  
342.8621298  
172.3085865  
1275.284501  
529.9730985  
988.9152643  
518.1268092  
706.4232118  
208.6473526  
181.5925755  
2590.348954  
27.81169735  
361.1615667  
471.0070539  
493.2555837  
656.3077811  
693.250624  
171.431355  
93.09720952  
264.4049386  
717.7948654  
379.8959117  
519.521456  
287.750239  
200.2858817  
1221.891945  
562.4644801  
479.0429778  
553.8839432  
1055.833819  
234.772615  
1210.859278  
996.4825437  
324.146366  
312.945039  
106.2751585  
270.2795764  
170.3162237  
697.9056237  
2109.973561  
240.456314  
225.7316178  
1289.211803  
839.4450226  
1615.012825  
227.3006116  
902.4610605  
317.7230748  
225.1746953  
75.66873703  
754.0031376  
326.539253  
179.8105194  
412.3052442  
258.3255589  
930.5476994  
646.690971  
553.8984782  
1907.364315  
532.6805555  
305.9733507  
363.3454964  
345.8427702  
254.4504411  
965.8564992  
152.2587101  
30.50203736  
466.3840732  
649.5517219  
611.0562432  
55.31833751  
230.4713721  
2313.627686  
1155.241012  
462.393069  
58.68396145  
228.648683  
22.29232911  
938.7113496  
72.59326675  
184.9786382  
160.5459428  
127.6874417  
60.81814501  
1450.769139  
172.9793014  
370.3936048  
6.641830564  
218.5187943  
1563.037876  
700.1763047  
978.7026842  
165.0979315  
364.6394459  
221.9671925  
78.62895071  
305.9502598  
689.9094565  
292.9329739  
152.8302711  
153.0385401  
374.2036396  
429.3169336  
851.780927  
604.6503217  
1048.036136  
238.4502744  
1165.155061  
26.14870551  
687.8725729  
910.5666639  
445.0617482  
708.9561717  
125.7299121  
228.2875347  
843.3325547  
15.34968049  
29.41097028  
886.8064526  
399.5748119  
737.664078  
180.683114  
915.5421803  
1293.205548  
102.4016778  
249.933299  
60.12755947  
254.2702286  
669.6827836  
2.730552869  
577.2317033  
60.6624525  
168.6220225  
199.4670195  
216.2606237  
51.00303595  
56.4827666  
45.21473712  
397.6137691  
113.2959211  
110.1379283  
582.6415852  
338.8871009  
1067.840388  
49.18048861  
60.38978508  
45.8248499  
1412.547216  
456.4174949  
63.78245555  
217.3564285  
255.6738002  
131.9615133  
591.5551939  
558.381044  
272.4628515  
108.7955361  
528.6661847  
146.5545072  
114.5105586  
686.8539467  
218.7732303  
81.6519478  
167.3128128  
248.2771836  
961.3690687  
638.9927999  
65.85746866  
46.25311291  
915.036823  
1528.196102  
162.4367431  
737.5113294  
277.904619  
536.9051988  
1658.904803  
679.8755111  
858.8818526  
7.061962779  
336.4323549  
644.5553114  
21.69780261  
363.9640957  
193.6213261  
25.72307037  
17.03880745  
209.433178  
11.92756305  
342.1331825  
1781.920172  
166.2991817  
651.1609921  
485.7262643  
1282.052143  
1050.595824  
410.688305  
380.7368798  
114.5457044  
34.71316354  
348.3164397  
584.7531771  
16.57238767  
108.5429716  
130.0073944  
362.1052617  
371.6533265  
9.63870853  
389.0239941  
271.071473  
598.2749461  
276.7278962  
725.7673849  
1129.607111  
361.3964123  
36.74442508  
35.12941613  
