122.8599773  
5541.366342  
3417.221506  
2453.320052  
203.2499877  
1373.831806  
2008.448082  
566.2506021  
2311.503574  
1250.604374  
453.5314775  
558.786151  
1059.927553  
724.0812017  
754.337808  
439.0217306  
1449.977967  
907.7195187  
652.0368275  
852.7893695  
346.6553766  
1026.258302  
146.8934262  
224.0602985  
671.4195541  
1266.998919  
555.2338499  
27.00565411  
81.89601403  
409.6192497  
139.1836753  
152.4092457  
93.29413501  
106.9020822  
36.5731931  
937.5402897  
121.3110056  
535.7812504  
1215.865624  
47.11658043  
82.00006863  
72.55188887  
691.0381411  
269.3488094  
198.2061854  
710.8381338  
235.164905  
1143.021849  
779.228727  
1495.511595  
15.05794464  
506.14294  
642.9852723  
54.01805693  
507.651753  
165.935721  
147.6827959  
1544.238476  
128.2424674  
244.0682757  
45.02808007  
1223.662039  
957.1201085  
70.94273212  
1100.310261  
168.4019723  
213.9625593  
1527.13667  
582.2436317  
14.64099542  
52.06508448  
776.5379068  
824.5216703  
1079.651993  
810.3753407  
201.96198  
207.1451799  
1331.362291  
350.6028322  
45.09550766  
131.0469843  
171.3177481  
110.9273637  
193.5732363  
901.6540216  
498.6457056  
67.0466563  
1218.559002  
968.4224866  
1783.473741  
6.210334761  
172.3847923  
30.28273616  
1457.428733  
208.1249489  
148.2431798  
503.4041501  
405.4237716  
50.23788457  
1803.588109  
328.7650207  
1019.493145  
673.377927  
764.1425127  
242.7011954  
54.18286508  
637.5414766  
978.7979485  
198.0447859  
45.74705434  
454.3373207  
270.2882918  
333.6102549  
1294.530909  
267.5046438  
2.551750291  
308.077645  
1280.877305  
613.3485427  
279.1347387  
313.9489194  
447.047204  
1014.376  
256.2396414  
358.9345861  
0.6644501388  
146.3638684  
662.7013852  
185.0416071  
568.4027905  
27.5108069  
955.3465028  
391.882185  
57.44093511  
84.15109082  
74.28268073  
188.0470493  
762.694524  
175.1152734  
107.1251362  
148.3850267  
104.0975289  
340.9999156  
169.2765978  
133.2426142  
492.0012953  
1561.687935  
954.6775438  
445.8022309  
13.88808291  
330.8359304  
1473.880448  
443.7746453  
1564.793604  
1615.182397  
100.6061826  
1401.283494  
122.424516  
469.5113937  
219.5411416  
415.09  
1180.042439  
452.3559351  
596.1961293  
771.0804098  
474.8571395  
27.50673297  
35.72519047  
579.8029062  
100.3198129  
51.3871023  
425.2754158  
327.3746564  
509.411651  
295.7961517  
740.7103132  
946.9372931  
1949.218218  
153.0593622  
457.6219797  
306.7776338  
451.8521501  
725.925577  
241.5914429  
424.2589196  
122.1732177  
332.6569284  
860.5378729  
301.2089961  
121.2267524  
667.7295805  
257.7751287  
3.620425602  
119.5971883  
377.7823525  
817.9624888  
768.5200403  
224.4298501  
94.63449452  
100.0081298  
624.0848103  
268.4034521  
589.8255981  
433.1682376  
243.3184899  
1571.31892  
204.0560554  
325.347506  
1715.567953  
1378.306348  
765.6086698  
223.1240919  
597.5232272  
181.4218891  
150.5945031  
321.2134286  
37.93282748  
344.3935982  
243.3609033  
119.6874788  
417.1073475  
1756.340008  
917.3906559  
902.297997  
57.39582561  
1344.311238  
776.9962896  
99.76032167  
236.886214  
1133.310156  
163.8231996  
376.9147583  
228.5800115  
790.8741587  
547.4632316  
194.3929721  
1830.079896  
686.6639003  
466.4453743  
265.5141412  
417.6993449  
1188.925838  
1793.907061  
819.0942306  
157.0660873  
656.5517891  
955.1595572  
612.4764598  
593.9933474  
665.5144376  
134.5145812  
539.3084866  
116.5350926  
1025.554736  
562.8472189  
473.7989933  
1515.290868  
493.847196  
271.3127276  
1219.42747  
206.1296827  
155.4337014  
497.8081505  
590.5657396  
704.9240332  
168.4833441  
330.1787569  
250.3385879  
1008.584876  
255.3414319  
415.2619228  
1040.121964  
610.1611593  
162.5021799  
96.28121361  
8.737241835  
297.1074286  
273.5874802  
105.1130424  
406.6411194  
792.8986517  
356.2688462  
152.998785  
172.0297729  
