8962.982983  
5070.717477  
556.945143  
1936.255882  
1338.64426  
2441.607924  
646.3122742  
905.1346971  
1091.643668  
1103.106208  
1185.92766  
309.90431  
1854.164295  
26.04839715  
1366.247217  
489.7044015  
1416.110091  
44.29783368  
362.2416351  
14.92319795  
1160.456153  
62.80831214  
109.5188103  
2386.243334  
1173.92839  
422.6469984  
36.02684952  
110.3714854  
826.7977978  
655.0611894  
372.1880976  
37.1018808  
703.4018055  
0.07624660862  
250.7601565  
501.9337305  
581.426398  
2108.698345  
362.5599462  
277.8108766  
493.0366077  
1702.694572  
9.841797021  
46.71470723  
1582.970956  
764.6639251  
112.9416242  
509.2348928  
1023.806966  
28.60757249  
624.444746  
247.9230633  
78.3109287  
438.2192228  
474.100345  
582.0771135  
133.2006741  
1252.334258  
687.5085468  
876.3708491  
340.010445  
352.4074952  
55.97855102  
1151.098898  
177.165637  
1232.401466  
191.518762  
1302.872755  
199.0322971  
3.065761465  
45.40287117  
713.7963052  
102.3642654  
99.93475795  
364.8878181  
1235.614036  
14.6802165  
199.474638  
167.8017454  
670.0004027  
70.32688123  
272.9695695  
612.2233041  
817.0242152  
44.32782398  
464.6539171  
309.4260933  
37.68664932  
253.0235001  
483.3809674  
1213.14699  
793.0664814  
157.989027  
137.8633055  
372.6752849  
787.7901528  
1249.76966  
27.7205425  
789.28412  
1066.111309  
448.0867467  
252.921699  
383.6343878  
230.7973498  
445.2349137  
455.9514918  
615.1684839  
482.5398615  
99.6734502  
202.1488043  
162.3911916  
217.0702084  
1267.353127  
2023.591552  
69.43385601  
232.0921931  
673.7051088  
1241.025165  
38.97441178  
798.7193934  
859.8140356  
25.17679202  
408.427222  
386.8656462  
811.4214728  
1158.437822  
459.8573694  
1032.856623  
696.7684619  
54.38178923  
71.2515509  
654.4604302  
483.8152453  
170.8866797  
420.5821677  
139.5148801  
11.43239174  
285.9732534  
16.10352407  
114.0971088  
1362.755099  
558.1001056  
188.2659909  
552.5058104  
379.5868568  
137.5039701  
525.1404867  
475.2656828  
636.1730492  
626.4633232  
736.9608411  
15.93649602  
977.7235417  
25.55154782  
41.91429129  
45.12557044  
841.2472772  
73.70371692  
209.7380382  
21.68037546  
627.4993972  
17.30813922  
155.7443784  
83.83283843  
524.7845361  
1448.034553  
4.085198129  
279.952703  
1077.627092  
243.0088332  
10.99179217  
268.1846728  
1300.674961  
21.51605979  
554.8541534  
393.2704744  
1601.511325  
353.7464844  
890.2791258  
1307.397931  
97.29268587  
57.22810579  
2350.047565  
372.7303526  
120.9590916  
1615.707994  
40.39797919  
27.73280674  
27.71386113  
870.5639586  
430.0649545  
495.9358801  
124.1526483  
721.2802925  
460.6205095  
96.77708397  
124.5015178  
361.4584134  
6.270042328  
40.54454559  
2075.193318  
655.5425438  
62.39660026  
980.7777097  
915.1578916  
49.90223727  
504.6550282  
81.07843276  
29.92525647  
7.438669583  
398.7066729  
181.4130182  
374.3688009  
115.7985654  
279.4807754  
881.2046911  
129.5280846  
133.1600868  
626.8973222  
835.8730285  
212.8709973  
214.4382938  
746.7354825  
547.9946803  
411.3370961  
1013.191959  
595.1266262  
67.62375841  
64.94487364  
24.70891887  
151.6262254  
326.3956297  
64.82514881  
655.709939  
1067.704623  
133.7498968  
2306.561033  
473.1178525  
309.4322296  
73.85493093  
777.8191799  
150.9948183  
924.1015618  
826.8139947  
191.5499433  
192.9089285  
1365.306798  
45.86229284  
35.43864504  
1225.864017  
98.37098344  
259.6032577  
1375.018948  
129.7003982  
726.4517975  
269.7827901  
2823.924298  
118.7699801  
349.4488485  
29.70250059  
110.6065331  
103.7096178  
514.2880543  
452.500106  
90.53783983  
323.4575922  
364.5462584  
147.9272059  
621.2279112  
74.79175591  
480.8120494  
310.0847884  
162.1591399  
635.9117026  
133.7915847  
405.4291176  
236.9867048  
93.22052428  
748.7520693  
1575.040202  
357.5243378  
450.2267999  
1308.33073  
384.561905  
