9553.485803  
3715.732561  
2859.881939  
3157.937825  
339.4693111  
739.8867263  
245.7629059  
11.90266743  
237.2245682  
2372.561246  
11.1415276  
377.275858  
255.855192  
134.0071173  
65.04866321  
124.6901503  
160.154768  
218.3203231  
494.4277777  
402.3639237  
280.5022655  
321.909688  
184.9996728  
169.0026774  
2248.663571  
908.8217503  
854.7563034  
132.8639023  
95.65307809  
32.50612413  
355.0683107  
561.8638912  
444.2306721  
204.3233528  
310.8286609  
1009.24869  
93.40892768  
548.8187561  
492.5387234  
598.0948226  
94.27225784  
227.9984812  
701.549862  
819.7392389  
961.7664034  
315.3610159  
736.9835565  
377.811134  
125.2934078  
2494.559971  
108.2706495  
360.4136454  
85.40906994  
285.7734571  
36.8567145  
1380.140679  
425.2762374  
1878.202462  
64.18426276  
298.1548234  
540.7733602  
396.0442431  
656.7755628  
11.12604685  
210.8687312  
249.3431771  
228.4935299  
631.4881627  
176.3996938  
96.85891425  
110.9529177  
865.8721135  
625.2319205  
87.65133192  
489.2006283  
98.22050299  
0.1204285689  
3819.858665  
883.7501365  
276.7332256  
198.6724043  
1010.566971  
454.4692044  
58.6907601  
330.6571406  
414.6629484  
366.8651228  
1185.67371  
530.3796328  
169.993643  
14.7283886  
225.7366853  
153.6149961  
64.30320214  
581.10072  
532.4055517  
548.7088583  
1009.38786  
326.2920165  
1441.118335  
360.5975641  
1951.899984  
379.9556565  
231.7191872  
38.5821455  
1012.190024  
703.5347149  
1582.391551  
1381.694577  
673.8641103  
469.5515457  
336.2618378  
401.1860746  
1734.867817  
213.2419791  
49.42946893  
827.366967  
25.12791506  
691.5997198  
519.7233424  
372.7911028  
59.45766336  
66.21678649  
639.3139558  
483.8516123  
591.0352943  
15.09374001  
687.3921685  
466.1694939  
64.98439387  
519.0107849  
626.9150661  
1636.619896  
438.8656244  
143.4721843  
657.4601475  
95.42412299  
516.2101271  
214.7599759  
444.6633562  
755.5889379  
617.1191853  
222.6153736  
211.9275201  
600.8607582  
1165.177852  
72.49288473  
71.31490532  
87.81114391  
769.0305606  
58.28821096  
1181.998139  
153.4387548  
359.344592  
1629.220813  
389.4053378  
395.3710157  
164.3859332  
58.29412518  
2377.545415  
472.8788114  
462.8623786  
257.6073349  
111.675952  
2123.453462  
1044.385704  
237.2745607  
203.1285073  
121.0430577  
619.5748618  
340.0678717  
0.9461176926  
325.2331229  
73.56963357  
77.43267194  
454.2988061  
231.3314663  
699.925903  
74.29831948  
39.92293683  
260.4694104  
1550.282813  
436.2758202  
1575.363212  
116.9593597  
36.31338757  
145.5794996  
257.4164395  
579.7146449  
360.4936125  
1208.63356  
86.67517765  
503.2221036  
0.988425308  
865.8534423  
1155.995384  
2887.167342  
204.7402629  
262.1055176  
388.5227941  
370.3030112  
85.78704908  
703.2217  
94.11262675  
711.0658087  
199.7692865  
130.7866602  
616.8898219  
421.3658336  
33.10738027  
1339.727679  
114.0388648  
37.18316103  
359.6308942  
40.95308848  
644.4765444  
596.1521915  
1267.105009  
27.26193407  
170.9552055  
236.9210288  
267.8584176  
111.3782635  
1251.518798  
64.78703519  
467.6979245  
948.5281005  
265.047766  
316.066377  
195.6049425  
391.8497268  
151.2095105  
35.49251541  
761.8600107  
199.2677121  
22.08857379  
907.4056124  
862.4222739  
148.838654  
553.2847082  
481.1976937  
2215.03141  
1821.280336  
223.3732274  
599.646659  
609.5930627  
348.0421811  
508.7371729  
209.1671695  
68.59189151  
838.5961193  
129.6005511  
66.73213126  
750.8617363  
171.3048021  
8.678790215  
523.5878267  
93.86289661  
191.9495059  
1375.602201  
186.3801661  
1366.46964  
918.5772368  
190.0281907  
187.7055147  
105.5298973  
565.6469926  
1414.877264  
18.2603752  
2.388765449  
210.3165744  
665.3793578  
224.9204286  
250.0086597  
415.4047916  
312.5430819  
917.2269172  
2.127773606  
8.384402638  
1590.473032  
886.4570306  
336.089382  
898.5912207  
30.60389635  
