445.8311667  
7621.80919  
6570.365947  
3298.393349  
208.2253814  
745.1560163  
268.5957994  
1687.076556  
649.3739364  
1126.528919  
1385.494777  
1921.33418  
749.2268498  
404.4632986  
198.7036801  
1039.920865  
16.42595462  
244.8148547  
554.9001917  
30.15945469  
584.0375915  
107.0034391  
723.8456471  
240.552907  
558.379641  
708.1559417  
38.99281258  
202.3352114  
780.9311327  
457.5432821  
267.0428204  
978.1637116  
82.10916251  
342.805802  
236.3077543  
172.0482143  
408.903354  
207.0861981  
270.4606249  
354.8988622  
172.8560913  
227.226058  
1510.197398  
1235.554561  
110.7747512  
60.11986877  
70.36437765  
292.9490788  
249.1622075  
410.5982298  
54.53979799  
2254.550256  
179.9313206  
601.0455339  
32.56095754  
286.2024415  
413.4074549  
1690.699023  
583.8496064  
1260.207744  
554.8000203  
669.3567447  
73.35527869  
292.7559156  
392.3405581  
523.6294611  
613.7497671  
997.3330803  
374.2707636  
137.3567959  
90.44589584  
712.1463498  
120.1752118  
136.8062635  
42.59795532  
380.3401727  
555.7992425  
287.5283893  
1100.458673  
1396.955772  
228.0872373  
184.3585148  
1163.709337  
480.4268634  
518.9226574  
339.5463148  
350.2190545  
1091.008358  
2308.976037  
1101.165686  
689.479908  
894.7843394  
93.96969031  
1898.119874  
51.41293266  
166.3265607  
1894.786344  
37.09736442  
1125.558535  
937.4889853  
222.0525334  
370.9707998  
7.138664325  
220.771643  
685.5727366  
75.43381636  
600.7326599  
927.0620206  
151.0174152  
716.4447345  
110.8536613  
104.3826645  
564.3060928  
83.41785923  
880.4755505  
74.40884469  
596.1694638  
169.7566529  
4.838889709  
58.15143122  
250.8498551  
83.06440746  
262.411986  
175.3099624  
1110.686019  
531.3743754  
1883.835087  
1193.965019  
242.3046444  
280.3324878  
469.8239683  
776.8582778  
15.00555707  
28.27631849  
938.9721379  
142.9762333  
984.4722612  
1402.570333  
2077.007204  
707.4317124  
470.0799752  
105.5370198  
693.0290861  
500.1241613  
429.9818128  
109.8491254  
328.8529004  
33.88963746  
313.9505299  
978.7693127  
833.3994591  
739.581583  
429.0346589  
1449.869923  
57.14088508  
257.2831777  
108.6211963  
59.46737557  
1346.830268  
354.4593043  
1006.083846  
2003.147322  
371.6990594  
144.2145659  
623.572799  
18.51327113  
154.8996334  
833.9097078  
154.2953382  
52.184257  
24.6301699  
326.963947  
72.45728123  
919.2923294  
305.5725122  
44.75210545  
346.9312411  
544.5029188  
225.2513456  
190.3145168  
230.2183069  
374.7048506  
180.8540865  
477.3617019  
73.98775394  
279.0519022  
1036.989998  
174.5508732  
412.5863623  
441.1523219  
1131.710019  
979.9632338  
151.3887311  
243.0411434  
564.4871792  
0.1786137485  
1662.822142  
273.0794462  
2309.144652  
580.7279998  
216.3420083  
124.2168072  
272.1931743  
27.23032114  
391.0146807  
176.1239645  
3019.973808  
6.266080441  
69.63646842  
258.7742595  
41.10262202  
85.7792942  
819.0017268  
544.9523244  
302.7318477  
413.7594218  
291.6621019  
501.427088  
628.5197054  
2586.430888  
166.7009562  
1484.086721  
328.1599956  
20.97172832  
579.8287138  
103.6503562  
319.1680078  
384.9581035  
306.9436627  
598.3467228  
104.6197055  
458.1184393  
222.9060478  
84.73852321  
526.4729598  
277.5380928  
70.37845965  
567.3349783  
673.3865709  
482.9162418  
153.6071916  
33.52355869  
1362.803208  
606.0058278  
494.1277837  
29.3075506  
285.2912178  
27.12669074  
4.772702665  
233.6557636  
66.63473882  
402.2210283  
479.0874954  
763.9379433  
928.7007797  
158.720254  
262.3494628  
321.6447778  
186.2283964  
673.5085444  
198.8911778  
1135.382695  
658.0122832  
607.555861  
422.2486803  
98.59444309  
914.9632481  
8.801271941  
424.5999902  
1099.99703  
1180.062071  
94.84935947  
274.2911085  
715.3096091  
1281.278969  
36.55974162  
141.5253125  
182.0659743  
49.47754642  
303.6652968  
152.8281483  
1422.311977  
2.607141956  
22.45513444  
