6580.160798  
8076.326624  
4758.562747  
6117.080936  
1615.921233  
1839.863432  
770.5970296  
2419.957646  
680.5610038  
1527.157747  
95.58979786  
605.8933069  
275.8919879  
395.716054  
831.388022  
37.06010739  
151.5733303  
949.7369552  
34.86399262  
577.4004997  
306.0637576  
375.7862351  
2109.968479  
522.6496363  
855.9293354  
889.5449317  
147.8232486  
370.9160358  
660.7174453  
1873.552059  
449.5779633  
410.0726314  
238.7931169  
18.98893304  
42.89178843  
62.45314457  
1285.986433  
91.2212713  
115.8674351  
417.82396  
563.3886462  
51.92959174  
1619.336253  
164.852945  
55.44631247  
304.2753847  
26.25099694  
348.5743967  
533.0394544  
408.0548808  
37.74344722  
460.9785542  
291.2194166  
198.9278122  
561.7969528  
271.1432681  
302.1456409  
537.7903278  
562.0029822  
452.5418582  
46.21608881  
479.5788467  
100.7599832  
1020.208234  
367.7882906  
151.9378178  
672.6425157  
75.29198213  
710.0732432  
464.3343015  
615.9138061  
1073.309844  
16.01833306  
484.8052437  
227.3686327  
280.1978231  
279.1366183  
1184.802629  
1107.094154  
753.7582457  
167.6131601  
969.080285  
1951.010117  
15.77615536  
383.0418517  
119.8794902  
510.5175982  
724.0359534  
295.1722059  
140.1241287  
56.12295109  
1571.995634  
271.1721336  
1292.223089  
302.4904356  
292.5453598  
1067.667022  
447.5073567  
1460.510687  
71.49308535  
186.9239788  
196.0112613  
1474.638382  
271.4864176  
354.3399029  
121.5638115  
242.0466214  
248.8013913  
212.262177  
547.2412052  
685.6931731  
151.5323366  
424.3770349  
2.682988499  
186.2014777  
412.1752707  
77.86330994  
145.947788  
156.5356492  
2637.224772  
74.46207533  
161.5686073  
64.32257032  
160.2562283  
2401.625281  
370.7997665  
126.2848224  
1122.973886  
303.6872498  
928.2349181  
1254.667359  
267.2590682  
1076.609253  
482.750764  
7.329910118  
242.5807125  
79.27444626  
306.4313775  
104.9769132  
48.2745377  
188.8077563  
1174.991704  
278.8845318  
512.7400532  
1528.775185  
302.2463223  
205.1863881  
1099.672252  
340.6495583  
336.4068715  
58.88504987  
256.5937488  
69.23786902  
128.1595435  
418.4355951  
423.174167  
386.5564865  
27.33625944  
394.7602259  
221.986003  
289.6327292  
1905.463502  
33.55925527  
345.9852142  
3571.229205  
357.2407293  
708.9172481  
42.63470631  
781.8527284  
212.8422678  
42.9980487  
21.18676308  
828.850628  
404.6092527  
420.0292851  
164.5488176  
279.3700398  
1390.311033  
177.569714  
441.0412829  
685.915724  
446.0540771  
745.7975897  
1228.309581  
205.3184561  
278.1343446  
185.3482174  
289.7451119  
166.886258  
3.931274202  
152.2603325  
362.7059828  
67.10823411  
202.3904373  
75.11693668  
1270.506827  
987.5131798  
22.60172685  
34.81907027  
215.7452097  
772.770025  
92.91320681  
229.5341912  
165.5812037  
1744.709071  
660.7624661  
388.3905788  
680.9512733  
1.33503818  
330.3671072  
584.1512429  
191.2100413  
311.0481194  
44.69372386  
9.153254082  
156.859803  
498.7072071  
173.1892395  
318.6112719  
429.1694053  
31.9878134  
85.37065436  
228.4460977  
528.7303364  
149.395484  
254.6444975  
580.4541906  
126.2305588  
248.6871037  
652.1626229  
74.60743024  
285.0118751  
709.6652296  
121.110092  
306.6387665  
184.8471072  
258.3922757  
264.6877778  
1004.465707  
489.8458597  
30.6214045  
52.25294322  
989.7735228  
1438.573048  
231.0099165  
157.4489671  
166.1965926  
136.1143827  
359.4959733  
281.6620863  
425.8151862  
44.63473104  
8.719970618  
1129.334672  
521.6367719  
219.531701  
16.17944205  
1050.536725  
665.6134243  
899.8602963  
34.69234912  
1638.800083  
523.1940065  
693.5967047  
591.7104551  
211.1721727  
342.7067359  
126.0068414  
515.1465636  
104.4378047  
1029.055613  
87.37746077  
66.3240487  
2219.257064  
974.6816762  
304.5293262  
46.15681166  
272.7230799  
241.2586354  
213.7532581  
96.64458275  
748.7521599  
126.1474554  
122.6071338  
