4678.606208  
2100.179202  
1051.388455  
2825.529922  
959.4631214  
2380.116352  
739.7392337  
1645.792812  
2202.550881  
1350.430454  
158.390996  
150.0024805  
725.4233208  
435.299139  
136.334089  
873.6790324  
677.5563312  
748.262926  
0.4956322014  
542.4398389  
174.3664052  
685.8673906  
264.4453699  
951.5918844  
1833.641369  
320.5322959  
16.24797521  
138.3648689  
128.9881932  
351.9036712  
850.8912106  
590.1252166  
298.7995494  
12.32602881  
136.0823552  
703.0949588  
470.8348202  
2454.742651  
20.49585978  
786.0022988  
232.0322793  
802.9268033  
1583.053404  
330.203593  
313.0977815  
264.9415269  
1042.31933  
668.8704663  
110.0246625  
365.259454  
550.1798766  
51.224168  
136.2318958  
67.42586142  
340.6603795  
15.55142145  
610.1859676  
17.32072548  
443.3155442  
656.4550883  
256.6073342  
319.7285658  
239.3062951  
328.9066295  
64.18678205  
140.7654825  
1332.710831  
142.3497752  
1186.670989  
363.8351776  
193.4515746  
313.1961082  
193.7505869  
23.37890979  
321.7666537  
255.3959709  
568.1496313  
1490.957731  
371.9531246  
2597.389251  
257.8598611  
712.7472367  
1015.756795  
248.3218248  
133.2616593  
520.2916923  
2077.570675  
491.3489372  
72.34482764  
20.03002283  
467.5890939  
725.7204447  
430.9673194  
336.1323926  
343.8087789  
161.3330924  
1786.273482  
285.7665697  
3604.04484  
1.043915728  
64.7732401  
170.9529674  
153.5157269  
431.8895561  
1210.819616  
165.9226596  
486.2685062  
272.3934956  
222.5991238  
854.2438756  
518.8300192  
227.6893537  
143.3774767  
24.71107191  
76.14477282  
496.9650801  
425.0750611  
72.94321267  
540.3423317  
470.1330447  
122.4873041  
371.9624698  
88.3576459  
372.0043243  
418.1114986  
610.9686455  
553.1425523  
84.41029637  
475.2441153  
601.1139837  
95.12876451  
1203.408784  
231.8564339  
79.20452579  
110.203484  
428.3665478  
1193.789759  
823.7425833  
364.6171697  
650.5050828  
610.2697232  
948.4749007  
305.8824259  
67.69557765  
419.2317908  
49.49066685  
764.6395189  
1035.85073  
965.537916  
160.9782752  
544.6756073  
517.9195031  
646.845904  
448.097668  
129.5976433  
161.5085158  
787.9406505  
38.99076295  
375.6387022  
30.95380997  
356.5534326  
577.7008342  
368.5721853  
697.7057415  
314.143282  
404.6113248  
1119.001688  
128.7160613  
853.287612  
262.1953079  
15.96055143  
779.5058266  
547.5896546  
104.5641218  
670.7089104  
465.6758732  
334.3195128  
1234.638512  
546.4745646  
1117.521702  
558.750743  
273.1552955  
168.7817404  
167.5834804  
480.1293254  
86.64879392  
343.7939231  
935.689913  
6.901831756  
228.8264687  
248.4652748  
87.95104912  
1351.039558  
1.81229406  
39.34624512  
345.2931002  
44.35212423  
944.8102336  
722.0645927  
27.75668446  
471.7521098  
427.6314077  
869.2242863  
299.415011  
1173.875869  
924.156623  
757.174597  
282.6870533  
723.8296113  
235.216428  
90.84113921  
1330.252475  
619.1424363  
354.8845392  
341.5482396  
56.64583543  
1116.97926  
52.69405237  
167.6522297  
1630.447954  
150.2591335  
680.7200094  
653.1540089  
773.0501692  
8.141705367  
87.73444707  
318.8081584  
1066.224759  
1429.101356  
88.99555826  
48.38596244  
49.65411304  
436.3508037  
74.18752316  
1035.122989  
195.2890069  
832.7192511  
1669.543335  
1325.020386  
279.761309  
3008.859011  
1034.914597  
1098.252834  
106.9766371  
57.54012046  
2409.793826  
97.32171804  
15.84642827  
125.8900827  
596.536673  
1618.043833  
725.5136225  
585.0467445  
119.6831651  
181.6585371  
578.2826046  
446.9723427  
1231.940228  
454.7242223  
154.9154303  
575.5585814  
2120.105653  
381.9443243  
96.189109  
242.0098121  
396.5646722  
359.8218629  
129.6787493  
1.967357971  
544.2089366  
751.5673195  
424.6985922  
1437.080767  
394.0922865  
716.2744564  
475.7620111  
467.7421534  
222.4666177  
45.142265  
340.7563326  
327.7516744  
547.5123168  
296.0043765  
444.2004979  
