0.7036195167  
1.739025915  
0.915298325  
0.04315718668  
-0.811466573  
-0.8518950635  
-0.4946977619  
-0.760731142  
1.812318463  
-0.4032351882  
-0.7216193782  
0.4334807188  
-0.2865580201  
-0.5704086466  
-0.4628772149  
-0.5299859944  
-0.6254334208  
-0.3140286374  
0.3106721991  
-0.7909960195  
1.534774859  
-0.4311868348  
-0.9801791027  
-0.6940611695  
-0.07141195621  
-0.5869694462  
-0.6733570126  
-0.617319411  
-0.8168917789  
-0.6291615738  
-0.4617328355  
-0.4614428587  
-0.3169005797  
-0.424745016  
0.0108561024  
1.422193537  
-0.2420566587  
-0.2996645309  
-0.02523888885  
-0.1807819391  
-0.54437703  
-0.05251051722  
-0.4148838274  
-0.4093766073  
-0.7268395821  
-0.3265380895  
-0.5748207977  
2.283536122  
-0.3003344796  
-0.8365833842  
1.566766023  
-0.2421691921  
-0.3775195756  
-0.523861717  
-0.6597922319  
-0.7500387019  
-0.6218251775  
-0.2895818623  
-0.3609242317  
1.235015921  
-0.6328306513  
2.077165874  
-0.2363950242  
2.900190601  
2.406291645  
0.8606056996  
-0.4618459113  
-0.5664718719  
-0.6152300592  
2.407006236  
0.1668273835  
-0.3836813332  
1.728039327  
0.4107642832  
1.033679746  
-1.109250813  
-0.06934028949  
-0.9536890313  
-0.6176875423  
-0.04697220765  
0.3415378209  
-0.9170979912  
-0.6359559784  
-0.4956360218  
-0.5888429326  
0.6632522595  
-0.5851365018  
-0.5230663506  
-0.6332295302  
-0.5421752601  
-0.41707315  
-0.2300009346  
3.396869126  
-0.1082576532  
-0.5262021358  
-0.6133350085  
-0.8690283838  
-0.7738566863  
-0.8805668708  
1.761265142  
-0.6652332675  
-0.9962616387  
-0.4857026936  
-0.7103045613  
-0.7079792316  
-0.7559116974  
-0.42088521  
-0.5764679369  
-0.2761989982  
-0.9020486836  
0.2691935877  
1.433904282  
1.631681368  
2.486016819  
0.3243913012  
-0.7413838066  
-0.1616328698  
0.385746823  
-1.027857967  
-0.6104491714  
-0.6613229205  
-0.7515652023  
-0.5272821664  
-0.4522755861  
2.197095175  
-0.2325466053  
1.960730083  
-0.2892018489  
2.079188644  
-0.5330707323  
1.590217961  
0.07798271641  
-0.1052807831  
-0.2853443831  
2.409092354  
-0.082724439  
2.341249315  
-0.4628178072  
-0.2337750358  
-0.5004794702  
1.542411072  
-0.6162821361  
-0.631168559  
-0.04227167086  
-0.1965345123  
-0.6317402315  
-0.4657368512  
-0.7935474386  
-0.03150993949  
-0.4068153469  
2.516466812  
1.980490753  
-0.4095934242  
-0.1053716187  
-0.2362138926  
0.6151788719  
1.24152942  
-0.5582952865  
1.481921824  
-0.9856408254  
0.06978020644  
-0.8512418057  
-0.6769709614  
-0.97520722  
-0.700794475  
-0.3943653824  
0.6898034221  
-0.2648319493  
-0.5740719562  
-0.5033851479  
-0.3915539946  
-0.4300073227  
-0.623169929  
-1.030312609  
-0.951323036  
-0.6822947368  
-0.5581800737  
-0.8028021391  
-0.3326586287  
-0.7093165609  
-0.5162253104  
-0.3471502318  
-0.2809454555  
-1.057501226  
-0.8617826493  
-0.7250447272  
-0.5773734313  
-0.2143700454  
0.8889521115  
-0.6402002096  
-0.7709203169  
-0.4115045456  
-0.655955251  
-0.6424317334  
-0.5066275778  
-0.4958701343  
-0.8887956518  
-0.5177899911  
-0.5116838268  
-0.6710083412  
-0.7883446827  
-0.3692675954  
-0.4605152702  
-0.8182991497  
-0.7949236829  
-0.8818072718  
0.2905252892  
-0.6241432233  
-0.8760920333  
-0.517864169  
0.4391771577  
-0.8078008076  
-0.4830928456  
-0.2490427225  
-0.713041145  
-0.4626885268  
-0.6784059963  
0.1396948071  
-0.2197128097  
-0.424709295  
-1.040517337  
-0.7356083233  
0.9965854581  
-0.1949835493  
0.3461375894  
-0.5910322877  
-0.6106403758  
-0.2400040597  
-0.2495674553  
0.3162378558  
-0.5459138677  
-1.000809373  
-0.6805535627  
-0.6440539357  
-0.7488658714  
-0.9791207943  
0.1052450418  
-0.307821202  
-0.5874611984  
1.078126597  
-0.6667931903  
-0.7422852419  
-0.6463557241  
-0.6366447435  
-0.9490393557  
-0.6026200788  
-0.3533416203  
-0.5940270742  
-0.6943169911  
-0.6113918093  
-0.8509504078  
-0.4033750452  
-0.9225603326  
-0.5620185659  
-1.61093396  
-0.6057274087  
-0.6484660039  
-0.7984265197  
-0.58911322  
-0.9501194817  
2.208651874  
-0.07352502421  
-0.4729124853  
-0.732231539  
-0.6617991571  
-0.4407229984  
-0.6091081291  
2.37410209  
-0.7744963982  
-0.7734458635  
-0.5964923057  
-0.555943022  
-0.9216159064  
-0.6778047935  
1.720106259  
-0.6395773413  
-1.105135972  
-0.3300959016  
-0.8321191326  
-0.576114322  
-0.7876478553  
-0.6982489707  
0.9988447546  
-0.6779032606  
-0.8823891115  
2.183441833  
-0.7402310876  
-0.7307306389  
-0.1184514525  
-0.6983272365  
-1.064169878  
1.244140153  
-0.3246520735  
-0.7184409589  
-0.426952309  
-0.05566272988  
0.727050248  
-1.067859573  
-0.8876921689  
-0.6061201467  
-0.2647074599  
-0.4261454573  
-0.7425887161  
-0.4286341952  
-0.6023520474  
-0.4541629913  
-0.7512585688  
-0.7940521591  
-0.7378921885  
-0.713283591  
-0.9357351231  
-0.457708884  
-0.747726737  
-0.7618740629  
-0.614748669  
-0.3888738577  
0.08507901607  
-1.030166161  
-0.1593570679  
-0.5991129337  
-0.5570799808  
-0.6972284715  
-0.6969735011  
-0.6841004328  
1.033615656  
-0.4844288283  
-0.6804021205  
-0.2188920397  
-0.4849149158  
-0.7286327471  
-0.7060823448  
-0.6891318897  
-0.8204320465  
0.251429538  
-0.5348615009  
-0.9620483417  
-0.5432115881  
-0.3910634628  
-0.9959799855  
-0.6541830044  
-0.974917379  
-0.554277435  
0.4286180084  
1.274572373  
-0.1500464879  
1.020340144  
-0.4535941966  
-1.315900412  
-0.5237941869  
-0.5466517079  
-0.8274210636  
1.282984601  
-0.6632093822  
-0.5326324071  
-0.5963407061  
-0.744495693  
-0.8306741618  
0.07877949088  
-0.811715346  
-0.6753292642  
-0.2711005085  
-0.8745418913  
-0.2621950846  
1.00867206  
0.9235444725  
-0.2884954288  
-0.9198923748  
-0.7278064729  
-0.3802668808  
-0.7441682225  
-0.3977073455  
1.879546166  
-0.9121132709  
-0.5974797826  
-0.5877347045  
-0.737645518  
-0.4787000836  
-0.9121533039  
-0.435019597  
-0.7797116906  
-0.5052914604  
-0.4968182903  
-0.2295459163  
1.224423995  
1.640555729  
-0.4357803897  
-1.126334936  
-0.7663636758  
-0.6859412574  
0.3636022333  
-0.6119187551  
-0.7451185215  
1.911990205  
0.2046287591  
2.583129582  
1.105953662  
1.276456549  
0.4142417996  
1.879979123  
0.1117085093  
-3.718063939e-05  
0.4281245322  
-0.06088154456  
0.5140809877  
0.8743803851  
2.450196849  
1.072350675  
1.021303859  
0.114862122  
0.2700447098  
2.093097314  
0.7016208916  
0.1871782301  
0.1281359536  
0.1513851088  
1.698990272  
0.2249109734  
0.1446783807  
0.2492528802  
0.3677146982  
0.1718948597  
0.1005275109  
0.07875784385  
0.1266210706  
0.0601909422  
1.689799353  
0.3647174775  
1.539778218  
-0.007533300788  
0.2675505462  
0.375697695  
-0.0004790941827  
1.994276185  
2.875896068  
0.04819605321  
0.2588686977  
-0.4214091157  
0.4375704498  
3.299787956  
0.9878155631  
2.327835605  
1.176364593  
2.433972566  
2.687063955  
0.4714680858  
3.997405113  
0.2545102262  
0.3192192666  
0.2143521786  
1.562179935  
1.788488534  
0.2487677195  
1.548098521  
1.253851812  
-0.5420668817  
3.351773633  
0.8965036893  
2.123974094  
2.841281884  
0.6983413995  
2.653909928  
0.7667502851  
0.6904304509  
-0.06867696869  
3.689501388  
0.09436162102  
-0.07596932987  
3.707677614  
-0.232524549  
0.1927630373  
0.3936278616  
-0.009308142999  
0.1601093124  
2.033933107  
0.320008931  
0.7683259247  
-0.01977352305  
-0.2348514156  
-0.4237847315  
-0.1857657054  
3.029318905  
-0.2735621605  
-0.7089119167  
-0.6210691393  
3.228173925  
-0.2641556106  
-0.3683426532  
-0.07629406918  
0.1844866531  
-0.5180251543  
1.283590178  
-0.1167182808  
-0.8862700757  
-0.848105892  
-0.7740768921  
2.901238886  
-0.8950131554  
-0.09320873357  
-1.040269019  
1.845085475  
0.6167319056  
2.12353169  
0.8070536254  
1.340836948  
-0.7039629964  
-0.4482851038  
0.1598446927  
-0.4856643018  
3.51199692  
-0.2549918631  
1.602520549  
-0.7728169671  
1.081413467  
1.295151971  
-0.2030764928  
-0.4462353942  
1.458327988  
1.273658944  
-0.5299800391  
-0.0487083635  
-0.4623748297  
-0.7578948856  
1.127111812  
-0.4152035785  
-0.1657016628  
-0.8594713639  
-0.5242358561  
-0.3356323619  
-0.2633101914  
-0.1741364251  
-0.1910321207  
0.208385066  
2.155467539  
-0.5679111269  
-0.5296118928  
-0.8128942743  
1.505051681  
-0.2569214032  
-0.6818129989  
-0.3074301824  
-0.4545899749  
-0.3643803601  
-0.1189715168  
-0.3630080716  
-0.03976554746  
-0.471634185  
0.07888414286  
-0.1794168717  
1.055645709  
-0.555303994  
-0.7048109609  
0.7113748704  
-0.5366025693  
-0.4071928875  
-0.5494526061  
0.08643547146  
0.151495525  
-0.4639841189  
0.1042925789  
-0.5761533139  
2.648512668  
-0.3489110435  
-0.7170335847  
1.582522256  
-0.5151316418  
1.100843139  
-0.6235552215  
