0.1415918173  
0.6054161002  
0.09845960543  
1.433252469  
0.7572702502  
0.5884048035  
1.063766093  
2.459176872  
-1.059973652  
0.3661710827  
0.8378648974  
0.8299316229  
0.1389466657  
-0.3736079925  
1.877386757  
0.1447003739  
-0.1565042329  
0.04919074795  
1.67267426  
2.859547333  
0.9150002892  
0.8650794041  
1.389596055  
0.5383185143  
-1.266610412  
0.3203133909  
1.709944891  
0.9165539708  
3.330206479  
0.8268295095  
-0.4903334049  
1.438282227  
-0.9109463104  
0.2090442965  
-0.8301917378  
-0.7847042  
1.463999444  
-0.1251306873  
-0.3166492576  
-0.2832468712  
0.06407316527  
-0.3763785757  
0.2255424321  
-0.1468252139  
0.4830064678  
0.8112997403  
-0.5201726722  
-2.663215762  
0.5682802914  
0.9227991236  
-0.270014756  
0.6084348754  
0.1258887515  
-0.435207908  
-0.2587794614  
1.241072187  
0.8669787914  
0.1246135786  
0.3864462179  
-0.5671187998  
0.3283547503  
1.419676751  
0.1020277077  
0.1755412808  
-1.163732381  
-0.4433134311  
0.6545593393  
0.3894892847  
2.089867398  
-1.917206947  
0.1619476739  
0.1923528362  
0.938032343  
-0.2561566374  
-0.4406227086  
1.770661832  
0.2783639188  
0.5447846486  
2.343270623  
0.3258389653  
-0.5721077494  
1.178861769  
-0.4228187808  
-0.3675689507  
-0.2198697896  
1.208717303  
0.2774957497  
0.04575112169  
0.6833688958  
-0.7509946109  
-0.4910469939  
0.2031228274  
-1.728216924  
-1.074230583  
0.08366065406  
-0.8074754277  
1.047940314  
-0.833589489  
0.4103733194  
-0.8789140693  
0.2412976477  
2.753203817  
-0.7600431989  
0.2312562528  
0.2070382951  
2.452530238  
-1.173338951  
-0.1151992513  
1.216289019  
1.400528224  
-0.748545622  
-0.5642768942  
-0.1414709401  
0.5838887213  
-2.631968401  
-0.3484335134  
-0.1167052483  
-1.06211069  
0.8350058925  
-1.047601382  
1.785981257  
0.1863811154  
0.2291156261  
0.1152081794  
-3.623357895  
-1.162944145  
-1.585188793  
-0.4307121985  
-1.201032336  
-0.4712209447  
-1.43794107  
-0.03724443009  
-0.3310589141  
-0.6720192283  
-0.9248848565  
-0.3575902964  
-0.7987810199  
-0.6264824914  
-0.6576485902  
0.2177228205  
-0.7225042853  
0.8456053819  
1.283648822  
-1.213381196  
-0.05890925304  
0.1581965717  
-0.233636827  
1.020135145  
-0.681790496  
-0.3393796287  
-2.359185197  
-2.258464579  
0.6724502649  
0.005761662565  
-0.8244700661  
-0.7349374216  
-1.667446568  
0.7316913631  
0.2971090224  
0.1890108066  
-0.5051503917  
0.7356267654  
0.0350110097  
1.905915632  
-0.3225222658  
-1.584641376  
-2.779740773  
-1.03625044  
-0.1829754558  
0.6112423951  
-1.068511859  
0.6310624313  
0.3605477775  
1.412647037  
1.109774543  
0.2002634234  
-1.011595235  
-0.1624603953  
0.7392844719  
-0.0630670892  
0.0230092092  
-1.416009794  
0.2881409059  
0.632043176  
0.02440192735  
-0.7247505234  
-1.230182167  
1.590932375  
-0.3112930488  
-1.010444976  
0.7549317795  
-0.6166434711  
-0.04933620927  
-0.300771214  
-0.1772655657  
-0.3923706949  
-0.6945589648  
-0.9356161469  
0.5796440944  
-0.3795031955  
-0.04449565745  
-0.8402498409  
-0.5243496934  
0.3567502154  
0.4783491339  
1.389208053  
-0.6386177039  
0.4635364289  
0.3870418641  
-1.310288788  
-0.2399694285  
0.7283658688  
-0.7024379438  
-1.720249532  
0.1822197094  
0.3036285965  
-0.5450993131  
-1.205337015  
-0.5952852645  
-0.06754515274  
0.3316323832  
-0.8455960558  
-0.05283133766  
-0.6369334449  
-1.176583811  
-0.1462221186  
-0.587590612  
-0.6276349061  
2.311509365  
-0.5699708726  
-1.507965116  
-0.3299237247  
0.09177563321  
0.595460142  
-0.003177971436  
0.8544210423  
-0.9634555908  
-1.113688672  
-0.8271167172  
-1.529441038  
0.04900369824  
-0.76580098  
0.1010323474  
-0.4230200172  
0.596324018  
-0.06964300068  
-0.5504883758  
-0.0250991885  
-0.5293948636  
0.7372574553  
1.421711686  
-0.4979748904  
0.2952446744  
-0.6508308145  
1.818661184  
-0.1536202035  
-0.2333758819  
-0.7181327493  
-0.9455714846  
-0.5253164782  
-2.284615964  
1.067948545  
-0.9686484193  
0.1409338757  
-0.5904550696  
-0.8703146118  
0.2364541421  
-0.1604267687  
0.9666345765  
0.7163912972  
-0.3188559045  
0.818329451  
0.1670720294  
-0.5046209117  
-3.345585902  
0.4068669587  
2.001158206  
0.02501423249  
-0.6163597061  
-0.4824788508  
1.179168725  
-0.8876965881  
-1.362819263  
1.753712223  
0.7030017727  
-1.077947667  
0.5691811  
0.2054645199  
-1.511153008  
-0.05958200494  
1.587019346  
0.491735446  
0.4184704833  
0.3279216499  
-1.221219143  
0.05667624538  
-0.04062676952  
1.581073997  
0.1463756647  
1.096013321  
-0.9153424257  
-0.6209104837  
-0.05145078326  
-1.17375447  
-0.9920383916  
0.3393085161  
0.6320339414  
-0.2554801162  
-0.4033690503  
-0.1415086202  
-0.5693169911  
0.5518875231  
0.4616759036  
0.8388733385  
-0.445066918  
-1.037913011  
-0.03404522995  
0.3153700598  
-0.3747681644  
-0.5942422815  
-0.1911440158  
-0.216626368  
-0.05817536061  
0.06892786229  
-0.3778279854  
-0.7589291901  
-0.07411437752  
-1.339592037  
-0.3196545795  
0.3844998459  
0.3772045763  
-0.2827967199  
0.1591824063  
0.09979377985  
-0.4716317144  
-0.2943716922  
-0.1896861134  
1.070522942  
0.7245335687  
0.3119517949  
0.7109046084  
0.6063448134  
-1.501800586  
-0.2056777968  
-1.202675264  
0.1116110069  
0.4497741575  
1.39208872  
-1.105335294  
0.3328284475  
0.3969709268  
-0.6904261133  
-0.4803437492  
-0.7061302073  
-0.3097799837  
0.9366773332  
0.6106741535  
1.08296732  
1.314986724  
-0.2683561256  
-2.017509659  
0.2315711666  
-1.598381626  
-0.856240261  
-0.6940223509  
0.4714677701  
-0.4164981862  
0.8657506223  
-0.4305421134  
0.4098028431  
-0.7210852084  
-1.761532498  
-0.06045621801  
-0.4372689366  
-1.135652861  
0.1497815446  
0.1562040362  
0.3706178696  
-1.072658654  
0.5312586382  
-0.4752221238  
-0.8982912158  
-0.04247512111  
-1.510306737  
-2.175500901  
-0.2067994815  
0.985030905  
-1.283964528  
-1.033651507  
-1.678845959  
-0.9587373079  
0.3600828565  
-1.869832941  
0.4459258498  
-2.181769013  
-1.597067429  
-0.8257699274  
-0.4445170867  
0.0865741322  
0.7095885557  
0.1147255711  
0.4908956342  
1.120317821  
0.1313652273  
0.9519597066  
-0.4947940801  
0.6806193947  
-0.3987152259  
1.010444476  
1.004654221  
-1.239638989  
-1.873266383  
-1.092298739  
0.06637994368  
0.9257712716  
0.1886528225  
-1.035195929  
0.8125758604  
-0.1915478624  
-1.856479061  
0.4252232448  
-1.380017664  
0.274212889  
0.9141640084  
0.01291392898  
-1.043363282  
-0.646989563  
0.5324854335  
-0.9351823268  
2.711083183  
-0.8031033267  
0.1189126134  
-0.7247188382  
-0.4359624029  
0.9740847084  
-0.7368293376  
0.5359037648  
0.8488022289  
0.5221087655  
1.516050873  
-2.818740347  
0.7868949528  
-1.579830043  
-1.069300622  
-0.3226780787  
-0.3162812923  
-0.01587581827  
0.1606009569  
-0.7594319371  
-0.2033308213  
-0.3769740243  
0.1071974299  
0.3364507036  
-0.8577931671  
0.3774653393  
-1.856758556  
-2.335284284  
-1.624343497  
-1.345745324  
-1.147592372  
-0.5023988939  
0.7922484732  
-0.03744605178  
0.7691343237  
-1.139129196  
0.6783381088  
0.9147186351  
1.080090937  
2.096412819  
0.431879698  
0.1620829075  
0.609884922  
-0.07399382293  
-2.291274099  
0.1288523055  
-0.3674655372  
0.9518071628  
-0.6261288542  
0.1274304168  
0.4787687919  
-0.242399629  
-0.06039426285  
2.264208675  
-0.5945654643  
-1.334446085  
-0.5152560314  
1.5062466  
0.2337471415  
0.2404532902  
0.2296613235  
0.6537223026  
2.308011755  
1.263804569  
0.6866712604  
1.119178384  
-0.7779175043  
2.136522362  
2.003858769  
1.499775579  
-0.7375181658  
0.7197941314  
-2.105659116  
0.4322331023  
-1.142377091  
0.9856936603  
-0.2515795745  
0.004718513485  
0.05144650786  
0.1968335502  
0.8299572225  
-0.02365242917  
1.014707398  
-0.4538363719  
0.2673400498  
1.489403013  
2.394368083  
-1.110829863  
0.5686768351  
0.842637929  
1.165779722  
0.4212025542  
2.288761044  
0.5799489509  
0.03237989383  
-0.04679021569  
1.174694753  
1.247339249  
-0.4579975473  
0.1934948061  
-0.2772789254  
0.002943262094  
1.302267761  
-1.154578078  
0.1125008026  
0.4546019822  
0.9682902459  
-0.1463633928  
-0.4565980354  
1.790416494  
0.593104284  
-0.320670338  
1.057551155  
-2.509632665  
0.6238434311  
-0.1491898482  
0.1680655072  
0.2230322691  
-0.4554636064  
-1.29101287  
2.145234701  
0.4740918465  
0.2295192785  
-0.0569631653  
0.009348639947  
2.439140362  
2.017012313  
-0.5383426164  
0.4294666375  
0.9102880799  
1.707128151  
0.7620668482  
1.103731798  
1.639115242  
0.6177869727  
2.173160863  
0.1007949894  
0.2205748684  
