-2.927292104  
-0.6848022122  
-0.1947223399  
0.8278760512  
0.9489260387  
0.3737128967  
0.06996017718  
1.197319178  
-0.3412643972  
0.6951403979  
-0.2089346696  
1.127544326  
0.6053963001  
0.7314595834  
0.1198753321  
0.129989623  
0.1070898303  
0.2266089205  
0.01315141769  
0.9679869554  
0.3123485619  
0.219411707  
-2.364536  
-0.1456235004  
-2.233582836  
0.1687606466  
1.07426905  
1.292049605  
1.806446813  
0.4850818252  
0.4981435499  
0.2362419756  
0.7392114098  
-0.3164020474  
-0.3048182887  
0.09812045955  
0.6666281681  
0.4429949809  
-0.1281439438  
-0.1211362367  
0.2176453439  
-1.336567524  
0.7032689167  
-2.073772085  
0.2943006199  
1.291384027  
0.2615305727  
-0.7905136491  
0.1907153846  
1.045461715  
-0.5745247203  
0.4995503277  
0.06463118311  
-0.3414186585  
0.08535835555  
0.7204136924  
-0.05479024128  
0.4601536973  
-0.04692808969  
-0.6995919658  
0.7933507182  
1.605213263  
0.5072758604  
-3.47310796  
-1.055393133  
-0.8226548273  
1.238690432  
0.6436064929  
0.7717363164  
-2.454025538  
0.3602758448  
1.016661594  
-1.131047618  
-1.850939327  
-0.1659088212  
1.261385082  
-0.5478732389  
0.8275832014  
0.8171018851  
0.5961015512  
0.4960414014  
-1.687178044  
-0.8324504163  
0.4874143678  
-0.2261856581  
0.428162643  
1.315505684  
-0.4946942951  
0.3111383692  
-0.2139727395  
0.3290248992  
-1.317454115  
-1.130856165  
-1.052197457  
-0.4070818612  
-1.992493762  
1.098646015  
-0.6971062668  
0.6954281257  
-0.6202973157  
-1.473334453  
0.9777257069  
0.07498876984  
-0.03190549053  
-0.9091734648  
-3.2225692  
-0.8205684995  
0.1521119261  
0.4947272794  
0.8588748392  
-0.1701149915  
0.01117863848  
-0.2993790124  
-0.3847888785  
-0.4081902348  
0.4452715619  
-0.295831681  
-0.9280384902  
-0.1800799789  
-0.2050115243  
1.708966025  
0.227664358  
0.709490598  
0.2545258444  
-2.220774972  
0.03899119388  
-0.203307488  
0.1377967161  
-0.530385556  
-0.3821892037  
-1.755680053  
-2.170381895  
-0.4843497905  
-1.658774504  
-0.5203616896  
0.2630642144  
-0.420724191  
-0.7725163902  
-0.1729669605  
0.215451206  
-0.7463808414  
0.218691372  
0.8876700654  
-0.7663885883  
0.5435312602  
0.3173154904  
0.7290005155  
1.224941042  
-0.5345601463  
-0.4109212148  
-1.456661359  
-0.7149427912  
0.9235743662  
-0.6774300268  
0.4332691768  
-0.2138942986  
-0.0559081981  
0.1639193043  
-2.355890512  
-0.01121076126  
-0.2825993973  
0.7405144633  
-0.02494547806  
1.377088469  
0.7541731441  
-0.2048626266  
-1.46336022  
-0.1735245003  
0.396040758  
1.149441385  
0.3638368101  
1.10594826  
0.1190290525  
0.26105793  
1.308913093  
0.534598662  
-0.3052121199  
0.7687260158  
1.676040455  
0.2242788099  
0.8863691972  
0.03208714844  
-0.2726846344  
1.064509064  
-0.4516669312  
-0.1424834866  
-0.5065924075  
0.5953828126  
-0.5015519688  
0.3343188652  
0.1412155745  
0.6424071274  
0.06838490041  
1.051051412  
0.4635438478  
0.2801784004  
0.1918575337  
0.3513672116  
0.9438966751  
0.04353879529  
0.2467807646  
0.8958829652  
0.3801742945  
1.06629622  
1.781377946  
0.9976097645  
-0.1568931311  
0.6680976328  
0.8909127854  
-0.3797724286  
0.0002157187057  
0.3346864522  
0.4759341875  
-0.5024301749  
0.9984753435  
-0.2022841488  
-0.2381726765  
-0.09149871407  
0.08599109335  
0.5712319561  
0.5258401021  
0.06155641175  
1.328471608  
-0.0450072055  
0.2891901395  
0.946541023  
0.2166653841  
0.3995665366  
-0.8074237219  
1.04726873  
-0.3400712383  
-0.423970267  
0.2345164322  
1.228723183  
0.2847497632  
0.5682476656  
-0.2960299219  
-0.2433974891  
-0.6288347159  
-1.308720973  
1.421891585  
0.247802628  
0.3690823279  
0.734409657  
1.076108276  
0.7030691183  
0.9683858558  
1.014770126  
-0.9023852912  
1.195900062  
-1.104648231  
0.6530550529  
0.8364909998  
0.8645780849  
0.8370223193  
0.498577502  
0.5791164253  
-0.1513168204  
0.4081224065  
-0.4862365589  
-0.3447534723  
0.5581105767  
0.1325297629  
0.4601004068  
0.6592323095  
-0.1646017905  
1.136279691  
0.7074283967  
0.4935821058  
0.3241276952  
0.7057378604  
1.043484981  
0.7088420972  
-0.1439201206  
-1.386078582  
1.707611368  
1.546447643  
0.4511386599  
0.08348814795  
0.1445284885  
0.8083724809  
0.151912549  
0.1846628503  
2.064893085  
0.9779323588  
0.3042242542  
1.169641344  
0.5412289753  
-1.125526342  
-0.1048644996  
1.600866116  
0.3157309735  
0.7467845485  
0.6801444871  
0.3192872391  
0.3247830659  
0.7601538953  
2.299264626  
0.8580743094  
0.6355025794  
-1.118296235  
0.8948532008  
1.138348745  
-0.2875169104  
0.1267243719  
-0.9117559241  
0.2868883342  
0.8293889618  
0.5514067752  
-1.552426157  
0.0732727444  
1.233988342  
0.3804334681  
1.598120325  
0.2617972706  
-0.06089447562  
0.5173027116  
0.4666968553  
0.02354897059  
0.1875092525  
0.8387529942  
0.9725387043  
0.8716204082  
1.126337825  
0.3934856354  
0.5879694141  
0.8890527037  
-0.318255769  
0.7699032709  
-0.02914117629  
-0.2249464028  
0.9130713555  
0.8544510163  
0.7428617919  
1.01114975  
0.06784083503  
0.2401423589  
1.53192234  
1.264016013  
0.6395229716  
1.356752566  
1.007301341  
0.2206776914  
0.7311449404  
0.0523463296  
0.4113778501  
0.2471988118  
0.376513005  
0.687334458  
0.882718025  
0.2285431743  
0.5918786424  
0.7714523697  
0.3100324427  
0.02710120253  
-0.7787453196  
0.2822524583  
1.776348832  
0.720679537  
-0.44451951  
-1.007496655  
1.195188718  
0.2415035965  
-0.1750291138  
-0.2125043851  
1.210393602  
0.03604845947  
1.235382782  
0.9161637792  
0.6609275326  
0.7370010016  
-1.743450915  
0.1535173582  
0.65145216  
-0.9584112953  
0.9803727643  
0.4718208314  
0.8078416114  
0.291904513  
1.187164469  
0.6250597186  
0.2151031912  
0.3471428532  
0.1601990809  
-0.05631950988  
1.087465053  
0.7090506965  
-0.8362589597  
-0.6741577759  
-1.340056002  
0.001816222578  
0.8233342417  
-0.05436940863  
0.3836017804  
-0.4176524075  
-3.490915469  
-0.2464651952  
0.1287385034  
-0.3576568493  
0.06369340692  
0.2210758423  
-0.8275692913  
0.288913526  
0.7999423885  
-1.09251484  
-0.9982593197  
0.8359297483  
-0.9123851874  
0.5253355828  
0.4991108258  
-2.276651223  
-5.305678691  
-1.6563402  
0.5587879245  
0.4734915167  
-0.04851547282  
0.009322962661  
0.8741637124  
0.03389651818  
-1.026626339  
0.1292859925  
0.1180939936  
0.9052613682  
0.2429291355  
-0.1513024839  
-0.3584903581  
0.2525674912  
-0.2812536062  
-0.1282131659  
1.834090934  
0.01720334263  
-0.6139758764  
-0.3995969541  
0.1127158126  
-0.1645386253  
-0.4043929506  
-1.414532394  
-2.02819367  
0.2357586686  
0.720543944  
-1.094688796  
-0.6019730733  
-0.7285214885  
-0.7182416322  
-3.504775808  
-0.4389053549  
-1.791068812  
-1.376141374  
-1.205412861  
0.2008076866  
0.1125506604  
-3.233846201  
0.612251336  
-2.188919068  
-1.1169379  
-2.131264474  
-2.410893593  
-1.480758596  
-2.78226511  
-1.210498631  
-0.3664509035  
1.094394619  
0.1557738179  
-0.3795273688  
-1.347300437  
0.5267921166  
-0.4505554726  
-1.225484343  
-0.1941452278  
0.9601957968  
-1.111868621  
0.974940746  
0.5546891642  
-1.198923592  
-0.2622571203  
-0.3167202607  
0.2076089985  
-0.1810494253  
0.430157741  
-2.860987401  
0.4859065739  
-0.7118338755  
-0.0539763387  
-1.671116977  
-0.5624109348  
-0.3512238885  
0.2552511849  
-0.9845473018  
-2.162186138  
-0.1776580783  
-0.7426957176  
0.1559170311  
0.1771318183  
0.1068324327  
0.161580609  
-1.992984542  
1.321971332  
-2.866270528  
-1.067872264  
-0.6723617429  
-1.006035857  
-2.308538057  
-2.648447968  
-0.8696956489  
-0.6580361826  
-1.339771231  
0.3429414853  
-1.773519452  
-0.6604457147  
0.8807052823  
-0.1626176701  
-2.487798264  
-1.445335098  
0.5341100206  
1.387187196  
0.8209847926  
-1.319407496  
0.663255783  
0.8022588299  
-0.667699515  
-0.5937214905  
1.519374959  
1.558393713  
-0.5164472566  
0.7755901839  
-1.272849238  
0.2668608175  
-0.3848593486  
-0.5401004915  
0.823678451  
-0.5084235397  
1.282143432  
-1.660875483  
-0.9167323685  
-0.02258274469  
1.079928465  
-0.4224091464  
0.943594041  
0.4842335046  
1.270010675  
-2.054491796  
1.0302655  
-1.057025926  
1.055084043  
-0.2363623131  
-0.05528772429  
-1.1492256  
-3.587022258  
-0.5159538228  
0.6649917989  
0.9351096667  
-0.8557365033  
-3.063689953  
-0.241063727  
2.469871006  
-0.6621902219  
0.08426535245  
0.4870798151  
-1.364572678  
0.01551144185  
-0.2629600731  
-0.08866612928  
-0.08746422266  
0.3924096975  
0.5059538909  
-0.2509490183  
-0.01698856771  
