0.424611087  
3.01659481  
1.670026869  
0.5042810205  
-0.08666040761  
0.3064820537  
-0.7478002965  
-0.2236727614  
1.128254008  
-0.3810838598  
0.4291994407  
2.304591941  
-0.1046152885  
-0.4155440828  
-0.9769043635  
-0.4012962815  
-0.3266188648  
-0.462111851  
0.6824886347  
-0.8745007005  
-0.1590597541  
-0.4702215906  
-0.01361662177  
-0.4814608797  
-0.2239779935  
0.4914356441  
-0.7804857867  
0.1141187272  
0.06491560687  
-1.094697489  
0.2198038566  
-0.8737228758  
0.3530512625  
-0.8122336449  
0.9709859718  
1.372186865  
0.09257211455  
-0.3596973453  
-0.2879697323  
-0.5483981293  
-0.02184176479  
1.734636207  
-0.2313864945  
0.8625340085  
-0.1747694927  
0.4969688698  
0.4264568394  
2.553038445  
0.06073082799  
-0.2339953626  
1.624277191  
0.4039233228  
-0.708582986  
-0.6895240795  
0.07374014059  
0.2342316645  
0.5532206888  
-1.025304627  
-0.3702152843  
1.49253455  
-0.8212464785  
1.394761965  
0.03820565831  
-0.8009120074  
2.497722791  
1.469375514  
-0.08254907885  
-0.2070020534  
-1.051302211  
1.858734798  
0.3575334649  
0.1760380136  
1.524101482  
2.637222386  
1.047231166  
2.001104373  
-0.3314415639  
0.2210760705  
0.7220459349  
0.453499846  
2.377680148  
-0.8717131664  
-0.7261715745  
-0.7647622765  
-1.071418125  
1.497914043  
-0.3349634592  
-0.8094004412  
-1.0261516  
-0.2757148187  
-0.872471156  
-0.07384628181  
1.992380673  
-0.05576765233  
-1.090960035  
-0.2285728089  
-1.072533028  
-0.9090999043  
-0.3913879147  
0.7571267789  
1.069313292  
-0.5795988402  
-0.8649404008  
-0.3561966702  
-1.227075629  
1.065963603  
-0.06373288594  
-0.5915009455  
-0.3823418031  
-1.23436266  
2.188835296  
1.604148263  
0.5773222087  
-0.908553514  
-0.1818000608  
-0.3843716524  
-1.224746676  
1.936252097  
0.4344488099  
-0.04188586439  
-0.07740320591  
-0.635461773  
-0.8753290024  
0.0268553951  
1.595723673  
-0.05753488909  
2.332462409  
0.2524404643  
2.35212883  
-0.2255140367  
2.346504675  
0.7822779476  
0.2901956238  
0.5380466889  
3.036212296  
-0.1768658588  
2.872212759  
-0.2164548729  
0.1806977285  
0.4555567056  
0.1796398714  
0.1405832447  
0.2031393904  
0.2296126285  
-0.6497773354  
0.4335538828  
-0.04078924008  
-0.01277181122  
-0.03263863786  
-0.3790654321  
2.109880693  
0.8772143545  
-0.1444065755  
0.00507995058  
-0.7529191853  
0.9274203955  
1.730902296  
0.2891489746  
2.068581176  
0.6280608841  
0.5102696181  
0.316370506  
-0.1164691585  
-0.06159610135  
-0.7458716915  
-0.3232426861  
2.293838153  
-0.4886197721  
-0.7211215777  
-0.7655901531  
-0.3532580383  
-0.5338226787  
0.1561281049  
-0.8746917283  
-0.3575949095  
-0.6138002315  
0.1254844736  
-0.778151636  
-1.014483167  
0.3070725351  
0.1911806657  
-0.3534619496  
-0.9362321469  
-0.5902421452  
-0.3606469219  
-0.5704644663  
-0.8448073511  
-1.424659003  
2.20393402  
-0.2728205744  
-0.857688831  
-0.4017435271  
-0.7874289565  
-0.2662636599  
-0.4250073531  
-0.233824393  
-0.2975047775  
-0.8947727497  
-0.8566715397  
-0.4383280775  
-0.1698531474  
0.1775009306  
-1.17714442  
-0.2312233053  
-1.307017821  
-0.8422767866  
0.3574164179  
0.5369583109  
-0.6315614097  
-0.1498688719  
1.191772912  
-0.9618332865  
-0.7139530872  
0.2896941776  
-0.1653482558  
-0.8480693513  
0.3942994651  
0.5936525143  
0.2418348013  
0.5892278832  
0.3135022626  
-0.3939052628  
0.629489016  
-0.2742817933  
0.1739545795  
-0.3637567161  
-0.3522233755  
-1.330072358  
0.6069061089  
-0.6292821729  
-0.8560330696  
-0.1197999624  
0.1130449597  
-0.1097845568  
-0.900744483  
-0.02111831598  
-0.05173197734  
0.322023335  
0.1529387229  
1.845780368  
-0.876921875  
-0.3531858439  
-0.862644344  
-0.3209342828  
-0.8347619293  
0.7186138052  
-0.7613532798  
-0.5974909105  
-0.5427754314  
-0.02263277793  
-0.8596232472  
-0.1825313892  
-0.2597640713  
-0.7496520672  
-1.4337368  
-1.667224086  
-1.116662723  
0.3595935566  
-0.03539964136  
-0.3326580664  
0.7380579848  
-0.5113271014  
-0.2087616016  
-0.837104315  
-0.4129927697  
0.1728376655  
-0.3270322946  
2.439092713  
-0.391169179  
-0.248057074  
0.1067868428  
-0.9860002243  
-0.2627308991  
-0.5394015081  
4.04550014  
0.3554486508  
-0.9048322785  
-0.5226936173  
0.04231782027  
-0.2161616984  
0.1324896657  
0.2029779343  
0.6816971998  
-0.4284013794  
0.0241016159  
2.583319995  
-1.07902433  
-0.2210795386  
0.4249030444  
-0.6379726849  
0.505557958  
1.327800116  
-0.316484696  
-0.824228437  
-0.5606851777  
-1.160285307  
0.04159741193  
0.1038871629  
0.3377654329  
0.4815995178  
-0.6798329745  
-0.3289670719  
-0.1052142475  
0.04423966745  
0.3492672828  
0.6617508248  
-0.03119760859  
0.2325106161  
0.06830113291  
0.770405526  
0.3356491226  
-0.9265459438  
-0.1657441516  
-1.144250675  
-0.2354844993  
-0.5530735008  
-0.1851304284  
-0.3873072743  
2.252092547  
0.1411994489  
-0.07871624117  
0.1263820081  
-0.6367982857  
-0.04876816065  
0.06764015576  
-0.4978876482  
0.09751746531  
-0.1516414621  
-0.8907971256  
0.2979104571  
-0.4733991927  
-0.2870429735  
0.3337349352  
-0.1287987604  
-0.2789699869  
-1.19008621  
-0.547164508  
0.07403699944  
-0.7570326229  
0.2550480821  
0.6458483361  
-0.3799758204  
-0.6029426183  
1.207867906  
0.4854876319  
0.4369877172  
-1.040310903  
0.6311765185  
-0.2435602949  
-0.3209102689  
-0.6037685574  
1.649261434  
-0.591878058  
-0.3893433191  
-0.9090198176  
-1.5074171  
0.6091873307  
-1.096121062  
0.3113495467  
-0.8517401799  
-0.8511032898  
-0.01526698875  
-0.6183650254  
0.5527654049  
1.431410534  
-0.6476841393  
-0.3794180275  
0.2267759156  
-0.03912389432  
-0.2023965393  
-0.4787371639  
-0.8678761184  
0.2610810228  
-0.4272884344  
-1.048855949  
-0.664065739  
-1.048176474  
-0.7346105522  
-0.1260118602  
-0.1184826145  
-0.9429915538  
-0.5206610178  
0.1896193044  
1.318274799  
0.5381097564  
-0.9779991742  
0.3258795509  
-0.7819969738  
-0.3953864909  
1.62161145  
-0.7938230327  
-0.2759824129  
1.691162157  
-0.7760299277  
2.943873297  
2.154371039  
0.9424482088  
-0.2190598317  
1.026699988  
-1.385973163  
-0.8209384921  
-0.5849305036  
-0.08623590883  
-0.7203288143  
-0.04510189932  
1.989124646  
1.594232849  
0.7989867618  
-0.07950914781  
-0.6290736616  
0.2529164922  
1.055006162  
0.04991882341  
-0.2805968583  
-0.3326099166  
1.72343366  
-0.7990718282  
0.9935852851  
0.2260088962  
-0.8002029975  
-0.4159423546  
0.2280525545  
-0.4972498825  
-1.468375297  
0.7270243032  
0.9609201185  
-0.7038557985  
-0.5089073647  
0.05217174347  
-0.7870664955  
-0.2214314583  
-0.3889002865  
1.16203519  
2.93299127  
-0.3851927014  
-0.03521275584  
-0.4521075535  
0.3937871365  
2.564119858  
0.08735264064  
3.043545929  
0.822177133  
2.603709338  
3.232730256  
-0.8603757116  
1.495937904  
-0.4785201484  
-1.079853833  
-0.07604907236  
0.811918385  
2.331909661  
-0.2108845447  
1.042815566  
0.609270251  
-0.1432508033  
2.044967331  
-0.2618231211  
2.129636337  
1.261010086  
0.3990360557  
0.5285825015  
0.2354557455  
0.2238399205  
-1.26357956  
1.157525922  
-0.4568074463  
-0.5615949552  
1.409286784  
-0.2733672959  
0.4270543883  
-0.1089655821  
0.1299043482  
-0.3256767945  
2.458841325  
-1.450840464  
-1.479706469  
0.66198571  
-0.01853862691  
-0.2842975953  
0.5704829287  
0.8068898519  
-0.4237800073  
-2.538484964  
-0.3896390757  
3.029694147  
-0.8938921631  
-0.9894073824  
-1.245668822  
0.654609503  
-0.5765536836  
0.05079989189  
-0.5796455273  
-1.300022787  
-1.627220437  
-0.1143978798  
1.60737047  
-1.427077511  
-0.958020912  
-1.147852556  
2.999567124  
-0.8245648269  
-0.07856153975  
0.6986964045  
0.09345832562  
-1.699199388  
-1.533287617  
0.04402162774  
-1.971552295  
2.130206406  
-1.354979864  
1.379458188  
-0.8784495502  
0.3117867325  
1.53882399  
-1.664771708  
-1.253265374  
-1.249485295  
0.1788816252  
-1.584618988  
-0.8286236984  
0.04559418447  
-0.3165549975  
1.619981282  
-1.282904191  
0.1695017389  
0.4657774323  
-0.8116949004  
-0.05131917616  
-0.8543764057  
-0.4490376248  
-1.607292621  
0.1520918542  
0.9070349874  
0.9351908438  
-0.5517938822  
-0.1560286384  
0.3960462553  
-0.1550868  
-0.05806535541  
-0.9774181341  
0.4305413068  
-0.4271283942  
0.1494319321  
-0.6550365369  
-1.068056475  
0.0785500146  
0.1862250473  
-1.135959298  
-0.4127365756  
-2.018504268  
-0.4152623726  
-0.6892525402  
-1.159462015  
-0.3892228592  
-1.543711369  
-1.628557426  
-1.234348837  
-0.4217865435  
-0.3575686416  
-2.545746591  
0.8858642042  
-1.496371123  
-2.591830056  
-0.48615304  
-1.039579274  
-0.1621003253  
-2.022914567  
