1.459257409  
1.384464399  
1.407130492  
-0.9541729654  
0.201563488  
1.354508796  
-0.2549408725  
-1.911047345  
-0.1466064569  
0.07904282678  
0.3392138019  
1.199127023  
0.9985687044  
-0.08443288469  
-1.183402027  
0.6393851174  
-0.3717433656  
0.3468212043  
0.7079621047  
-0.7335214205  
0.4792647995  
0.2605529441  
-0.560844147  
-1.056346282  
1.198090037  
0.6169880692  
-1.351694772  
-0.4784485444  
1.688892301  
-0.7167251711  
0.3368890792  
0.3014952266  
0.9587940564  
0.562384543  
-0.04758466244  
0.4575372039  
-1.826260265  
0.9439453242  
-0.7491509811  
-0.01702924225  
0.5361704218  
0.07297400798  
0.6787220987  
0.4352746788  
0.8329243834  
-0.7077554801  
3.367154265  
-0.3954698427  
-0.755552632  
0.5437074015  
0.3935361429  
3.507175878  
-0.1820288081  
0.8471144266  
-0.4502337186  
-0.1363797133  
-0.3502141347  
-0.3484666983  
0.6996365875  
0.7320977103  
1.683835086  
1.234853907  
1.311772384  
-0.4724157442  
-0.05006856894  
-0.1487388546  
0.4184006906  
-0.7062540897  
0.07138010754  
1.86337723  
-0.3425203654  
0.05666366841  
-0.8567578372  
0.5199567185  
0.5847954384  
0.282519722  
-0.06658561498  
0.5241704095  
-0.6605054996  
0.5528629637  
1.945340141  
0.1556566415  
-0.7296736936  
-0.2812079842  
-0.9905995971  
-0.1112291388  
-0.2196322681  
-0.829872079  
-1.1994781  
-0.7779630169  
1.936513623  
-0.9190416586  
0.5307186097  
0.3201484441  
-0.6683426989  
1.317812353  
-0.6240233792  
0.01322343691  
0.9092196482  
-0.1811970953  
2.169830542  
-0.04839732542  
0.3061448442  
-0.2582588289  
0.4848430976  
-0.6654806175  
-0.5184207079  
0.3024840482  
-1.019994949  
-0.3229344617  
1.226597091  
0.6180479764  
0.5166432633  
0.8486829622  
3.038588646  
0.6333308582  
-0.7094091483  
0.3365094045  
-0.2911688699  
-0.06969593109  
0.1392702889  
0.07377139925  
1.412820928  
2.027341032  
1.80789434  
-0.05012687341  
3.594712168  
0.8371124315  
1.223292054  
-0.8986498949  
-0.7514841269  
-0.6053134707  
-0.6696945889  
-0.6115010619  
-0.07032374003  
-0.4244765884  
-0.1845932539  
-0.5819185589  
1.042583132  
0.3356436379  
0.1828001645  
-0.01740008827  
-0.0767522849  
0.28733239  
-0.9754821563  
0.4910922731  
1.141596662  
0.2064059848  
1.302676449  
-0.7154123919  
0.5076371039  
1.041721269  
-1.52668511  
-0.8231860827  
1.23615974  
-0.4795597655  
0.7171951319  
-0.222555648  
-1.420888165  
-0.2388165029  
-0.6952322372  
-1.889060242  
-0.2282439123  
-1.347132973  
-1.313499838  
0.8337005646  
1.513028658  
-0.9737776239  
-0.5081174587  
-0.8078495381  
1.404507202  
-0.875325112  
-0.1908368082  
0.9439069705  
0.6998782319  
-0.4985402827  
-0.5575924767  
-0.2323451411  
-0.6130951694  
1.098416371  
-1.349420022  
0.7647170076  
0.5391237809  
1.231881821  
0.4594403629  
2.179588175  
-0.2874979864  
-1.364124124  
0.5893157002  
1.180089621  
-0.7610209771  
0.4644187478  
-1.139596535  
1.977370007  
-0.3696466409  
2.28148001  
-0.4857949784  
-0.3281302521  
0.2189414185  
0.3927468043  
-0.4967362276  
2.769104306  
-0.2370370288  
0.296983983  
-1.681697662  
0.1349059561  
0.6731689293  
1.22686118  
-0.5946523796  
0.8405541019  
0.975042594  
-0.7375086439  
0.5801653228  
-0.1646750043  
0.4382727726  
-0.6861099119  
1.205809089  
2.443968051  
0.182371571  
1.892153599  
-0.2279977154  
0.02363760246  
-0.6800615097  
0.7604025023  
1.821436896  
-0.909418835  
0.6268591137  
0.7162687982  
-1.27005622  
-0.6720438509  
1.317005312  
-0.4495531465  
0.8153834756  
-0.006819181025  
-0.8252678844  
1.614506068  
-0.7900330645  
-0.05074605213  
-0.08753537332  
0.2900140399  
-0.7555698417  
-0.2326017523  
0.4944340973  
0.6112552778  
0.06902704457  
0.7249506053  
-1.114295723  
-0.7911625373  
-0.07284231231  
-0.5610281196  
-0.8380262178  
0.3499415986  
-0.4090192716  
-0.6643309797  
-0.303038237  
-0.01330548118  
-0.7747329496  
0.3141412811  
2.796742329  
-0.5366259904  
0.3537112358  
1.000147013  
0.6895702833  
1.102169536  
0.05224499941  
1.126101856  
-0.288148411  
1.872081162  
-0.1091043009  
0.5476779499  
-0.5547803772  
1.513755142  
0.2846975412  
-0.2382681102  
1.299321795  
1.091637354  
0.2012390136  
0.7009173175  
1.313598454  
-0.368672787  
0.1913044604  
0.814455066  
0.213823688  
0.4427251883  
0.8877285529  
0.6954577402  
-1.060908181  
1.251573702  
1.459219045  
2.073287845  
-0.106834905  
0.3508275289  
-1.33454475  
-0.8308375905  
-0.04898830331  
-1.4623423  
-0.2912858136  
-1.378779657  
-0.2475417434  
-0.3588295037  
-0.3055013082  
0.6426854489  
-0.1421902136  
2.371491156  
-0.595491451  
0.5539734165  
0.5894228053  
1.007947  
0.2310920426  
0.1904272886  
-0.3338399676  
-0.156609227  
-0.0702119331  
0.4214727754  
0.232740972  
1.907223196  
0.1416610921  
1.448293022  
1.849532581  
0.3710780726  
0.2989175489  
0.1426116677  
-1.363743876  
-0.1680915096  
0.1285711003  
1.312303247  
0.4882114648  
-0.1871834651  
-1.433401327  
0.5096225813  
-0.5441282714  
0.9762116462  
-0.1087234618  
-0.6197905666  
0.54787286  
-0.2503848205  
0.2142784775  
1.148581201  
0.03912553954  
-0.7752413524  
-1.062679569  
-1.462910534  
-0.9594177385  
2.822583953  
2.011860769  
-0.480553723  
-1.806137612  
-0.8174209508  
0.05310893942  
0.03334289749  
-0.7190639756  
0.8557689078  
-0.6194898105  
0.1353539788  
0.1761970152  
-0.6280180383  
0.08471882775  
0.7800439245  
0.2359992982  
-0.2581328737  
-0.7102965707  
-0.2574137586  
0.8824702056  
-0.5794729511  
-0.6067011997  
0.3167301396  
0.1783861206  
0.261362497  
-0.2130071674  
-0.3732838913  
-0.07640393098  
-0.04806974737  
-0.3375721484  
-0.09418642463  
0.6104760518  
0.1738500839  
-0.4129646495  
-0.3443036726  
0.2671898186  
-0.005514159954  
-0.06943942706  
0.53742528  
2.401139171  
0.6353138764  
-0.02380955647  
0.01761600324  
-0.01152593955  
1.605845343  
0.8882158199  
0.9803982703  
0.0250798586  
-0.7685369737  
2.153157108  
-0.5183252678  
1.387760521  
0.2280344703  
0.5329588308  
-1.247893894  
0.2218648025  
-1.812318416  
-0.9780392694  
-1.226443453  
0.2835869858  
-0.6239234101  
-0.9762737298  
-1.007495399  
-0.6612124819  
0.3967879717  
-1.312596261  
-0.8499629377  
-1.037202982  
-0.2004297528  
-0.08272672182  
0.1755751044  
-1.327888966  
0.5204964426  
0.3215637838  
-1.085910038  
-0.5763118493  
0.8824933386  
-1.499664248  
0.1980052212  
-0.8133593009  
-2.08915779  
-0.7756706778  
1.052425004  
-1.941274437  
-2.32830231  
-0.8427693346  
-1.217133208  
-0.9609373845  
-1.782671901  
-1.55089323  
-0.5412223523  
-1.879155582  
-0.5261018911  
-1.529631902  
-0.1275937364  
-0.2398774185  
-1.053343518  
0.05090539464  
-1.412705745  
0.2246378312  
-0.9622036814  
-1.704982949  
-1.155823761  
-1.785808856  
-0.6098987505  
-1.268179123  
-0.6082124995  
-0.2215916672  
-0.6433542595  
-0.4904156866  
-0.7308798538  
-1.58312968  
1.37216979  
0.7322570607  
-1.019199273  
-1.306367247  
0.01933192985  
-1.29072583  
-1.43957205  
-1.802800922  
-1.260025234  
-1.000591224  
-1.876461496  
-2.222168428  
-1.11793713  
-1.996061976  
-1.046388003  
-1.81449231  
-1.572799833  
-1.594522178  
0.1050415584  
-1.510499965  
-1.271062242  
-0.9991284553  
0.01333696509  
2.052274119  
-1.582719345  
-0.2255554287  
-1.167869916  
0.04780398128  
1.440563644  
0.9963832663  
0.3987667869  
-1.636930739  
-1.03370936  
-0.8019443007  
0.695014664  
-0.2393984131  
-0.7418101393  
0.5553203738  
3.859426732  
1.080446369  
0.5373436569  
0.7567219295  
-1.280281958  
-1.023641512  
0.4998354056  
-0.2740517238  
-0.453860885  
1.99224313  
-0.36358026  
-0.2043197734  
-0.03320036861  
0.3151798962  
-1.086432624  
1.439978779  
-0.7188531337  
-0.4465500313  
0.3097160984  
-0.2092187074  
0.1482512716  
-1.601674626  
-1.329256781  
-0.7926094764  
0.8599837012  
0.02466132158  
-1.694142111  
-0.3282232207  
-0.394901754  
-0.9489687704  
0.5364113651  
-0.9548139797  
-0.3430493879  
0.5287105753  
0.2965539589  
1.054270606  
0.07869932624  
1.25850756  
0.8877249483  
1.532043931  
-0.3705467131  
-0.3711990715  
-0.5511959607  
-0.8964583187  
-0.6614683986  
1.103451817  
-0.8756512263  
-0.2446490661  
-0.4871203342  
0.3301800323  
-0.007889999782  
-0.1212128069  
-0.2553103859  
-1.377007762  
0.7644805719  
0.2543042351  
-0.5634922561  
-0.3710683456  
-0.5912030799  
1.276449001  
1.60629233  
0.325848102  
-1.192396992  
-1.143211233  
0.4606271553  
1.292975362  
-1.642372576  
-0.5853177202  
0.03395289084  
-2.21458049  
-0.3277631392  
-1.122280097  
-1.416576689  
0.1899674  
