1.73923821  
1.689684982  
-0.3394368925  
-0.5955197448  
-0.2593436284  
0.1066204829  
-0.1792813896  
-0.692355466  
-0.7680286865  
-0.1266371459  
-0.6400609594  
0.4057207312  
-0.4561523928  
-0.1983744148  
-1.031193472  
0.144303023  
-0.4932944985  
-0.9018473084  
0.2709057607  
-1.171172619  
0.4616891936  
-0.4156225513  
0.1921143186  
0.3126727187  
0.008490578653  
-0.3898039171  
-0.1192317212  
0.4366971361  
-1.231725891  
-0.7027406423  
-0.008722891358  
-0.8013108722  
0.2180976966  
0.06541977965  
1.339182031  
1.010987878  
0.01346969876  
-0.2570199894  
-0.4249683867  
0.04835478418  
-1.059785639  
0.7320099444  
-1.126536987  
-0.4273270002  
-0.9614299973  
-0.0521678625  
0.2036873251  
2.553691765  
-0.3076983036  
0.3321872337  
0.9391339016  
-1.132520299  
0.6076898019  
-0.6922503489  
-0.7392175504  
-0.2677256868  
-0.6692983471  
-1.14627581  
-0.4253357303  
-0.02591612075  
-0.6036042203  
-0.5297036662  
-0.49741808  
-0.09598561031  
3.299637353  
1.087354263  
-0.3864884569  
-0.5088885172  
-0.8564325715  
0.7682987318  
-1.007800033  
-0.4368186894  
-0.08714735818  
0.637165931  
-0.3332365107  
-0.7128804606  
-1.062326957  
1.018641632  
0.3578266571  
-0.3898393566  
-0.5970728575  
-0.574926473  
-0.6174745055  
-0.2228551326  
-0.4648843357  
1.341503211  
-0.2056766374  
-0.1065776117  
-0.1329950312  
-0.09018394904  
-0.528727087  
-0.423417213  
1.677517032  
0.3946612101  
-0.09744492428  
-0.105466028  
-0.9125531683  
-0.5831050051  
-0.4191172752  
2.491601226  
3.319497829  
0.03096629499  
-0.112471783  
-0.6112154503  
1.200465115  
-0.3198477103  
-0.06562930381  
-0.4192714201  
0.369740587  
-0.213174906  
4.167354227  
0.3553494919  
0.4723646047  
1.243847605  
0.5320916391  
0.06877328011  
0.2047201169  
0.1018613699  
0.1655418483  
-0.7595785356  
-0.6723374834  
-0.0702392768  
-0.9614825543  
-0.6355863126  
2.074998101  
-0.2449600753  
0.6782617125  
-0.9576289024  
1.151894516  
0.2484024274  
1.964865043  
-0.4786420197  
-1.394498186  
-0.02343695654  
2.09778271  
-0.3443987172  
2.680004765  
-0.3393158787  
0.1743928896  
0.4603492115  
-0.9258052066  
-1.034475904  
-1.152741725  
-0.1344496446  
-0.3197600828  
-0.6322805677  
-0.422054543  
-0.420039345  
-0.5565039491  
-1.219958338  
1.252545549  
1.572447285  
-0.7539181475  
-1.530259339  
-0.2153193215  
0.5273897179  
-0.5522038654  
-0.6201496344  
2.382909817  
-0.8346246948  
0.8237479228  
-0.7510230585  
-0.1933078777  
-1.279826345  
-0.0727897896  
-0.4575959606  
-1.610854352  
-0.3742064737  
-0.7352320879  
-0.5748897736  
-0.1725897475  
-0.2457882152  
-0.6033394572  
-0.5486447073  
-0.7825744664  
-0.4889269721  
-0.3914813441  
-0.4354275928  
-1.371498412  
-0.1719285978  
-0.664522134  
0.006105703569  
-0.6118967155  
-0.5413029932  
-0.6560687931  
-0.05899632179  
-0.2005874315  
-0.164596918  
0.2537081012  
-0.8443340985  
-0.0272422342  
-0.5461516656  
-0.9651287617  
-0.6271521198  
-0.8034587569  
-0.5133527033  
-0.3941308303  
-0.586748898  
-1.183013797  
-0.349918315  
-0.3794209889  
1.020486211  
-0.3074891681  
-1.218686252  
-0.8717047079  
-1.26850295  
0.4546985396  
0.3992760728  
0.2135643241  
-0.4528061068  
1.748907863  
-0.5600264075  
-0.4221297414  
-0.4263777149  
-0.7476289123  
-0.5263633565  
0.2164889267  
3.348264872  
-0.6564147183  
-0.407649799  
-0.05862806318  
-0.04626556852  
0.6351799427  
0.1239926141  
-0.2031470092  
-0.4053389209  
-0.2127301488  
-0.4179730226  
-0.1050329154  
2.32063749  
-0.4022898667  
-0.687246894  
-0.5157810692  
-0.5915820665  
-0.841772005  
-1.1967697  
-0.3008781578  
-0.2210077995  
0.2934248215  
2.52917655  
0.4213624844  
-0.03731955794  
-0.7450604441  
0.00676884228  
-0.525160255  
1.613490347  
-0.8195676788  
-0.6354848417  
-0.3977722304  
-0.9985572449  
-0.3549401224  
-0.02984470766  
-0.4670945303  
-0.7060197836  
-0.7345954153  
-0.634149938  
-0.7837983176  
0.02631155394  
-0.1418305843  
-0.5401762633  
2.567218916  
-0.7667887061  
0.002268572594  
-0.8525204249  
0.2839333864  
-0.2043464891  
-0.8756715488  
0.9322527968  
-0.7135296383  
-0.890917525  
-0.4048413265  
0.08588028794  
0.1755454772  
0.1038742309  
4.611412714  
-0.4066796278  
-1.209379049  
-0.6513178748  
-0.1800971072  
-0.02433145924  
0.06387339067  
-0.5886762716  
1.166179947  
-1.053289476  
-1.053293328  
1.401336841  
-0.1720349646  
-0.9161185668  
0.5900766621  
-0.2655852443  
-0.6661414224  
-0.9379165825  
-0.6048602902  
-0.5413610242  
-0.4352091547  
0.02407890783  
-1.015410466  
-1.162128996  
-0.2695098253  
-0.2235927496  
-0.3203812836  
-0.5857877577  
-1.02685032  
0.01340448761  
0.06726947834  
-1.035037488  
-0.2166924602  
-0.7593223132  
-0.4309580265  
0.0963183417  
-0.6182090924  
-1.335758712  
-0.4362604791  
-1.129639742  
-0.9976300666  
-0.3546749167  
2.573705262  
-0.6892249583  
0.6134514715  
-0.3024887142  
-0.673408891  
-0.5183389079  
-0.5441159134  
-0.5785773144  
-0.4695951666  
-0.6026948141  
-0.5985215721  
-0.3058602153  
-0.8456492801  
-0.07326972102  
-0.3319781637  
-0.5833537712  
0.05712529452  
0.09685462592  
-0.499154461  
-0.5303571897  
-1.308760017  
-0.7286460567  
-1.19133065  
-0.8862502027  
-0.8884471719  
-0.7440379764  
-0.1481300369  
-0.2774401905  
-0.4228631411  
-0.7643642816  
-0.4884920238  
-0.7887606581  
-0.2080756938  
-0.8969338883  
-0.9940464412  
-0.1231736428  
-0.9299488405  
-0.8311444463  
-0.5691471438  
-1.212278067  
-0.6953178066  
-0.4555575664  
-1.184745559  
-0.5272784174  
-0.141498814  
-0.6367643192  
-0.1415337624  
2.56244471  
0.7369910652  
-0.2968673866  
-0.5642509206  
0.6216072363  
0.4064128522  
-1.479773687  
-0.3100123187  
0.7961767507  
-0.3903749171  
-0.3529002795  
-0.3093007317  
-0.8027626168  
-0.9151389209  
-0.1901060295  
-0.374036827  
-0.6408634652  
0.04478924706  
-0.5315373488  
-0.4454182017  
-0.2015590147  
3.59707194  
-0.5735806491  
-0.897390533  
0.1040041632  
0.2168837158  
2.761213019  
-0.2819761514  
-0.6129163737  
1.805709555  
-0.9532230337  
-0.07010772686  
0.08063177013  
-0.7091770691  
-1.040445678  
0.106051321  
-0.4037826503  
0.003090068574  
-0.9407718239  
-0.5128889182  
0.3094549251  
-0.5416797191  
1.915063998  
-0.3242343658  
0.1156165036  
-1.060874261  
-0.509384817  
1.485174748  
0.7457189436  
-0.05992433403  
-0.6198595699  
-0.9478851466  
-0.008443958982  
-0.252727675  
-0.4997755111  
-0.5917633536  
-0.1863677306  
-0.7628424154  
-0.1826358412  
-1.084808264  
-0.3613589966  
-1.053827479  
-0.8611836337  
0.4059988139  
1.566549149  
-0.2759992842  
-0.004942654952  
-0.4129552437  
-0.144146808  
0.4412721284  
2.528226647  
-0.4547529089  
-0.4234864604  
-0.07656970492  
-1.097324437  
-0.3995697266  
-0.8647091296  
0.3742164836  
0.3043492207  
0.8673614959  
2.2823015  
0.02769192693  
-0.4475350502  
-0.5739590339  
0.4300394168  
0.0335108091  
0.5888478836  
0.6842182882  
-1.056951791  
3.230772932  
0.1777719558  
-0.4582631222  
1.886369281  
-0.1396004143  
0.8506913814  
0.7741144011  
-0.2336832581  
-0.116072578  
0.8280846705  
-0.3222032946  
-0.3665958383  
1.674060712  
-0.02192735333  
-0.5466120309  
-0.8015624877  
0.06901285958  
-0.4582760745  
-0.5087837662  
-0.2695702009  
-0.3588541305  
6.164936574  
-0.5773662535  
1.39699959  
-0.5249636834  
0.6723802949  
-0.05086650278  
0.6205514203  
0.2111667274  
1.293704905  
0.2009673772  
0.5989001573  
1.715041291  
0.1726346909  
-0.4911627914  
0.172591684  
1.891329988  
0.5974973736  
1.363263734  
0.2279753397  
0.288379424  
0.2341323673  
1.190458627  
2.697118074  
-0.8086431678  
0.1546017066  
0.7667047975  
1.723469452  
1.696216844  
5.326254792  
0.07373652428  
0.6809666552  
0.187809653  
2.146939882  
-0.1766095276  
0.5993375067  
2.209229731  
-0.04834700423  
0.2160387401  
0.7034930848  
3.195758969  
3.513866432  
-0.4113522202  
-0.4335837998  
-0.2940215319  
1.002088118  
0.3968301053  
-0.5274617645  
0.5610965879  
0.424949945  
1.788137776  
0.8830832632  
0.09975605648  
0.1719912419  
-0.05189074811  
0.06792506927  
0.6794042459  
-0.07079710015  
-0.3218758281  
-0.2540305871  
1.977805519  
-0.010090536  
-0.2260502065  
0.2213898941  
1.351025819  
0.1788779265  
-0.4827656977  
-0.09413025046  
0.7404609336  
-0.00692499223  
1.732110843  
0.1094023739  
0.2307495185  
0.5642313717  
0.9556313242  
0.4469452078  
1.596690636  
-0.9594861427  
-0.0440459945  
3.760099353  
-0.2415668841  
-0.1908640515  
0.1522786913  
-0.1568369116  
-0.09180301545  
-0.08026757854  
0.2434088509  
-0.2896237522  
0.6402911617  
-0.7085197767  
0.1961474018  
0.4087824901  
-0.1860614379  
1.709298012  
0.7805069771  
