-1.349821758  
-2.307801231  
0.3860035354  
0.1464858684  
1.107720063  
0.05828299071  
-0.5471738527  
-0.798307657  
0.7219663229  
0.7621453185  
-0.5834147689  
1.028770352  
0.631800593  
2.111812987  
-0.6940096187  
0.3004994072  
0.9602506101  
0.4683735349  
-0.401459753  
-0.1423921123  
0.002615825081  
0.4478923722  
-1.830081285  
0.5905930011  
-0.8316545813  
-0.4852134382  
0.08392471953  
0.1089453933  
-0.1965419438  
1.427954649  
0.7378600779  
0.260926975  
1.391677346  
-0.03052804162  
1.842460476  
-0.1943714703  
0.07284735272  
1.464738155  
-0.09887633824  
-0.5986368849  
1.585699914  
-0.6270065547  
1.575594831  
-1.485171197  
1.556558223  
2.192798154  
1.618930214  
-0.081226637  
0.5744102785  
0.8474704306  
-0.0919594605  
1.322760566  
1.438137034  
0.4496546678  
1.467378935  
0.02178029308  
-0.9187688612  
1.060045761  
0.2284435945  
-1.096885563  
1.363859232  
-0.9028282483  
1.452581636  
-0.1635311219  
-1.81317385  
-0.05873687068  
1.391827026  
1.278570502  
-0.46558967  
-1.212368214  
1.251192262  
1.50245702  
-1.215699836  
-1.375734629  
1.405970842  
-0.1895056459  
-0.936086387  
0.8113400459  
0.04534374057  
1.602946324  
0.5878641598  
-0.5143886163  
-0.7513859065  
1.388471818  
-1.009256313  
0.08032953706  
1.558320935  
-0.6591366812  
-0.1274867192  
0.8447282017  
1.085849971  
-1.178569447  
-1.479255123  
-1.011582381  
0.05793875181  
-0.8180597137  
0.8681798582  
0.1273339932  
0.8667043379  
-1.359589128  
-0.01516058613  
-0.2364876886  
1.272447301  
0.1430366973  
-1.502618609  
-1.278901901  
0.1050560242  
0.5621233299  
-0.2071442617  
0.8471355773  
0.5293176424  
0.8582159824  
-1.1073601  
-2.162587341  
1.475280345  
0.603280851  
0.8381755379  
-0.5720632098  
-1.224524338  
-0.4167145974  
0.9172333709  
-0.436241355  
-0.3502304763  
-0.4320109213  
-0.7401348781  
0.8126052591  
0.1286859451  
0.3586699481  
-0.1220029708  
0.3574343328  
-1.317688943  
-1.004361613  
-0.3899198486  
-1.088523905  
1.013571198  
1.579344069  
-1.533026169  
-0.4949017536  
0.8127157981  
0.1515767799  
-1.068466848  
-0.331216663  
0.7114219416  
-0.9782956473  
1.072489747  
1.005546624  
1.403847002  
2.196273197  
-0.1018728535  
0.2619447174  
-0.765295709  
0.1581360152  
1.26919213  
-0.6443738709  
1.14197447  
1.673002468  
1.93569737  
-1.454107542  
-1.849379225  
-0.9219951257  
0.5347660791  
-0.4267326554  
-0.3640832767  
-0.1068464285  
-0.2600310259  
-0.1783461507  
0.3076843103  
-0.3829502728  
0.7621275787  
-0.2779394158  
0.1639631508  
-1.356195989  
-0.4181326329  
-0.8649790162  
0.6849500852  
-0.5197912638  
-1.627457184  
-0.2614516155  
-0.06132776032  
-0.4182293121  
0.4623325085  
-0.3944061877  
-0.9860835781  
0.6284008658  
-0.9888330974  
-0.2168165433  
0.6240715302  
-1.772560195  
0.2625249727  
0.539532786  
-1.663268094  
1.748634897  
-0.1269151826  
1.307546024  
0.2908094001  
0.9685734272  
0.5903872363  
0.5797539491  
-0.2207411779  
0.9847059802  
-0.8168556828  
0.8098579951  
0.07166599691  
0.9485516699  
0.3862428958  
-0.6152687984  
-0.9246201246  
-1.183834642  
-0.5105726496  
0.4722048298  
-1.413276554  
0.498634746  
-0.064923541  
0.2554533244  
0.2656173109  
-2.061126832  
-0.5261992695  
-1.932112608  
-0.6493958902  
0.01778078462  
0.1970141081  
0.9384803853  
-1.329078772  
0.4268396538  
-0.4948915678  
-0.3953688546  
0.3192541151  
0.333054279  
-1.752266819  
-1.254925073  
0.9956995938  
-0.2329780863  
0.018634291  
-0.08600334781  
-0.4164981567  
-0.2084864788  
-1.53138511  
-0.5255802476  
-0.06033584355  
-1.543401547  
0.8032628371  
0.04838682898  
-1.062661794  
-0.2950464609  
0.2617321823  
1.897633719  
-0.1434910199  
0.406496015  
-0.938649362  
0.7734909818  
-2.329843291  
1.013290577  
0.5787120184  
0.6266031744  
-0.9171699571  
-0.8644999142  
1.247676862  
-0.2747654707  
0.2868812839  
0.3908490433  
-1.074814378  
-1.90112936  
0.57734693  
0.8171021412  
0.3039333061  
0.3782459915  
0.4262879123  
-1.526039887  
-0.9523695701  
-1.947603168  
-0.1874605972  
0.2344962391  
0.1514020665  
-0.3291682517  
-0.376049175  
0.6944206693  
-0.3969633043  
0.02720647258  
-1.406637717  
0.2384524617  
-2.002081966  
0.01559459315  
-0.06182715173  
-0.01502361423  
-0.5122095836  
0.5239805656  
-0.8072733972  
0.3827318874  
-1.400743488  
-0.2363127363  
0.9158854897  
-0.9960074656  
-0.9215296999  
-0.706297155  
0.5142722528  
-0.5745675797  
0.561121273  
0.765733952  
-0.00289039046  
0.443757702  
-1.196726837  
1.047388789  
0.7491409579  
-0.54440303  
0.7924579581  
-2.601775554  
-2.177332109  
-0.2076303939  
1.676236441  
-1.988106302  
1.418425354  
-0.02939220834  
0.2794687975  
-0.03695430705  
1.151850093  
0.5301105117  
-0.5198932773  
-0.6416461251  
-0.758184882  
0.1356855024  
-0.04365483201  
0.2683470311  
0.2789891769  
0.1995155411  
-1.270994515  
1.333910983  
0.8137008202  
-0.3680753196  
1.599952252  
-1.132802107  
-2.305283198  
0.7140176981  
0.7367784573  
0.6039936568  
1.366431128  
-1.116397018  
-0.9464983874  
1.020279923  
0.41838636  
0.2077046572  
0.420597352  
0.3544092828  
1.316535387  
-0.3477936847  
1.165647196  
-1.355542344  
-0.06181497119  
-1.705578961  
0.5594187189  
0.834439986  
0.06502420179  
-0.8743049073  
0.4664662144  
0.7245881879  
0.9263993875  
-2.174722638  
-1.067346687  
0.4678830586  
-1.695873917  
-0.05963910382  
-0.1561912404  
0.9962215159  
0.7286505884  
-0.6818831032  
0.4387786033  
-0.6478729448  
0.7290763781  
1.423099481  
-0.01166235186  
-0.8923842695  
0.8826414117  
-1.573201767  
-0.5472497474  
0.5160471483  
-1.425404572  
-0.2083378403  
-0.8783670048  
0.3271119941  
0.3882961327  
0.6262368388  
0.1724933496  
0.6023189026  
-0.199318072  
-0.372283532  
0.4337625059  
1.061603045  
0.9806599056  
-1.391492458  
0.826131059  
-0.6314110679  
-0.004557870126  
0.5684975395  
1.291308885  
0.36923309  
-0.1171758143  
-0.5187173803  
0.6075883897  
0.8572021183  
0.1165874732  
0.7647030126  
0.6574553305  
1.244525595  
1.568663784  
2.085274241  
-0.3489398779  
0.6916966145  
1.616951854  
0.5836635454  
1.840675314  
0.8385832121  
-0.1758451717  
0.1931493931  
-0.4775980097  
2.086661818  
1.302361419  
0.4327075993  
1.581340492  
1.13446464  
0.5624276219  
1.021983433  
1.431389679  
1.539332803  
1.395237814  
0.6241636579  
1.4113972  
-0.409025402  
1.380367937  
0.8691915132  
1.714831188  
3.601941236  
1.554496697  
1.043218519  
0.5754607735  
-1.80599505  
0.6592488073  
0.9136583273  
0.8738953502  
-0.1166182547  
-0.2967128241  
0.09460479361  
0.03665581478  
1.208347696  
0.663890388  
-0.4256634464  
-0.4489792573  
-0.7858260955  
-0.01658246178  
-0.3752382682  
-0.3154646771  
0.780188351  
-0.03786491131  
-0.485747763  
-0.693038468  
-0.01588537207  
-0.5962550059  
-0.0813032767  
-0.06238841233  
0.9238285801  
-0.2712521352  
-0.2073963823  
-0.5479726884  
-0.02618582653  
0.5797897722  
0.6664568319  
-0.1923750053  
1.933635983  
1.486438645  
-1.25741642  
0.7269802863  
0.9137336793  
0.7067372619  
1.132219458  
1.399799981  
0.6904840606  
0.6603683918  
-0.107033203  
1.401117774  
-0.1738450467  
0.2814501355  
-0.7459439611  
0.2702285754  
-0.8530390131  
-1.283036851  
0.4737715348  
-1.942999387  
-0.5744112655  
-1.427897407  
-0.1043951611  
0.3945334916  
-1.548831176  
-2.54989374  
-1.603543816  
-0.08635279204  
1.060763807  
-0.1704699409  
-0.4955918172  
0.2915059447  
-1.809779349  
-1.638979358  
-1.917114789  
-2.277987694  
-2.399485838  
-0.419932562  
0.1358390673  
-0.3030279958  
-0.79479587  
0.493058415  
-0.7020106832  
-1.97386045  
-0.8288389722  
-1.620396241  
-1.458695852  
-1.88596206  
-0.8287922002  
-0.05823993025  
-1.067784668  
-2.055336226  
1.617672033  
0.1011753437  
-0.505973517  
-0.3360477236  
0.2393751731  
0.07891812441  
0.9422985722  
0.314361231  
-0.9666005482  
0.1453065797  
-0.2609800406  
-1.958276722  
0.2558568857  
-0.9123736431  
-0.1912574113  
-2.63001822  
-1.581222506  
-1.541985677  
0.09077739632  
0.5582094764  
0.1468375095  
-0.08543182171  
0.2035683863  
-1.255005149  
-1.354009522  
-0.9613531993  
-0.03488519702  
1.938505154  
-0.1609770911  
-1.637963712  
-0.818044807  
1.965592915  
1.100076585  
-0.116805  
-0.3906558219  
-0.9155525513  
-1.625763335  
-0.9404954123  
0.5207393467  
0.6343685134  
0.3827761646  
-2.503919  
0.9642782202  
0.8479796847  
-0.5297176655  
0.2683261953  
0.7144721789  
0.3969790246  
0.7221941435  
-0.6175346384  
