0.5014824866  
1.894013678  
0.3797056808  
1.077401425  
0.4898328693  
-0.610533433  
0.349686664  
1.026756471  
1.62674793  
0.0176073809  
-0.224375126  
0.4169645376  
-0.1628572076  
-0.3896252323  
0.4699960757  
-0.5279951949  
-0.5056292368  
-0.1311562649  
0.5163311006  
1.096431488  
0.8782069144  
-0.1273628948  
-0.2181040103  
0.3002426049  
-1.113836681  
-0.3996387744  
0.5214870244  
0.03970143667  
0.3023409969  
0.3464485289  
-0.3033462046  
0.2506927738  
-1.064222008  
-0.2549463999  
0.003919681812  
1.542616142  
0.7281220046  
-0.5566726155  
-0.259078344  
-0.0715924134  
-0.5577598891  
0.3725712686  
-0.05938666153  
0.03505166774  
-0.058075392  
0.2202055335  
-1.928710259  
0.9108262555  
-0.0228755861  
-0.7127992913  
2.856010541  
0.09382901911  
-0.1898423458  
-0.1429469357  
-0.09029392718  
0.001316133283  
-0.2797744404  
-0.2647172492  
-0.1594471742  
0.1418518425  
-0.3746886947  
1.469202974  
-0.473613523  
2.750273498  
2.537619737  
0.8035949514  
-0.414033977  
-0.09189821196  
0.6786324022  
1.609643373  
1.108155972  
-0.7238344958  
1.746960264  
-0.6371001251  
0.2369658404  
0.9389816219  
0.1074165078  
-0.595335695  
0.6974618627  
-0.8692380526  
-0.981153586  
-0.03539517097  
0.6118052366  
-0.351736323  
-0.0610797379  
2.678348871  
0.1262918225  
0.2017798379  
0.2150718196  
-0.3402488133  
-0.4781263465  
-0.1943205003  
3.494022317  
-0.6384615142  
0.1731227263  
0.5729123072  
0.4419748115  
-0.4596340232  
-0.4739908721  
1.817249486  
0.9412565538  
0.3341554321  
-0.4563910978  
0.4986188918  
1.537048703  
0.5552246721  
0.2942914838  
-0.1362186096  
0.1874604244  
0.4632059467  
0.5427816388  
1.453640166  
1.35639222  
2.607025744  
-1.230244298  
-0.06324739604  
0.1845543317  
0.2734610966  
0.04684809854  
-0.1200830575  
0.9633717675  
-0.1576377882  
-0.5230445915  
-0.5847291302  
0.1047253789  
-1.044620165  
0.04427824409  
-0.767193795  
1.375648017  
-0.240445862  
0.5858495645  
-0.7553585996  
-0.5892176455  
-0.6509438915  
2.349438979  
-0.7106127465  
0.5742482852  
-0.7275607739  
-0.777389581  
-0.4346063436  
1.28295759  
0.3614100214  
0.02852704576  
-0.8038610488  
-0.0152607789  
-0.5682072232  
-0.7538700625  
-1.060367839  
-0.9319057068  
-0.4518488967  
1.087066758  
1.372664998  
0.4793393994  
0.1693399312  
-0.5534688256  
0.3673712638  
-0.412198141  
-0.04788666111  
2.298344167  
-0.7171977724  
-0.6591989468  
-0.3265335806  
-0.1257236735  
1.267361715  
-0.06010653935  
-0.8238354023  
-3.196833442  
0.1683810599  
0.7370424735  
1.089470867  
-1.103697677  
-0.1486365385  
0.3805631483  
0.1678368391  
-0.8721916881  
0.02399169952  
0.0906246485  
0.3073973567  
0.4244081421  
-0.4501990971  
1.352323261  
-0.5710177637  
-0.1091064527  
-0.4350491489  
0.4200429853  
-0.8331381234  
-0.2992538933  
0.3587218096  
2.261514105  
-0.6130016304  
-0.4322276127  
-0.1454447145  
0.8922779425  
-0.5366389863  
1.157498465  
0.3416962268  
0.4866185851  
-0.6902179077  
-0.7211633126  
0.1259703254  
-0.2755541965  
-0.9740058038  
-0.2388357225  
0.1235146334  
-0.09321286181  
-0.0250667336  
0.5802918002  
-0.7895722815  
-0.2709737184  
-0.5628397804  
0.334652906  
0.4300419286  
-0.5857000737  
0.5269057928  
0.09428507499  
1.137587981  
0.6045094903  
-0.02384429825  
0.7085671525  
-0.384574106  
0.1551289226  
-0.4998608337  
0.9170363475  
0.7823130339  
-0.5073624083  
0.1235259965  
-0.5399061212  
-0.4333407262  
1.121522616  
1.5356365  
-0.6575288024  
0.32835022  
-0.2550949588  
0.9134500738  
0.151373346  
0.7649625039  
0.005420849278  
0.5355243669  
0.1570756455  
0.8621642163  
-0.8697939702  
-0.2420827944  
-0.885667792  
-0.9602688541  
-0.5827895627  
-1.745242727  
0.2109690379  
-0.1603398449  
-0.1825935127  
-0.1723345127  
1.291968375  
-1.064657646  
-0.4051830975  
-0.2785742086  
1.066451142  
0.2022886925  
0.4465186261  
0.280791207  
-1.464078776  
0.4824654346  
3.150166731  
1.445032886  
-0.8059036204  
0.3931485595  
-0.7688443438  
0.3347750133  
0.07741943559  
2.164933958  
0.8348232146  
-0.7551596308  
-0.3213931681  
-0.4723726924  
0.205783825  
0.7947659895  
0.9471640626  
-0.3704519761  
1.033919241  
0.003137325214  
-0.8436721842  
-0.3473584763  
-0.3918283579  
0.1278465399  
1.250987494  
0.1800230968  
-1.041893384  
2.930907257  
0.1388701795  
0.37911711  
-0.4978744823  
0.2655567305  
0.8864341184  
2.016528244  
-0.2476393576  
-0.2502165754  
-0.3050150123  
1.873726515  
1.358415791  
-0.4053477627  
-0.1627138814  
0.9100160786  
-0.1718638931  
-0.6714246562  
-0.4312125875  
-0.789928344  
-1.080539401  
-0.6815286597  
-1.110894904  
-0.6612336711  
0.0423448193  
-0.4495177939  
0.4332599756  
0.7379898491  
0.6828386181  
0.3178833438  
0.5937468147  
-0.762141472  
0.7350094515  
-0.866883608  
-0.6820699087  
-0.9006764043  
-0.4248458487  
-0.547646652  
-0.2657788995  
-0.1312736291  
0.5363574752  
-0.4110019497  
-0.8518373098  
0.1368271513  
0.6041767324  
0.2762955156  
-0.8138141272  
-1.211209535  
-0.3964840703  
0.9706407575  
-0.7203422287  
-0.4204714168  
-0.009146859405  
0.4500315349  
0.504583496  
0.5016469725  
-0.5820888657  
1.715835461  
-0.01354111589  
2.111255708  
-0.403759383  
1.106094326  
1.205083096  
1.270853471  
-0.1492259394  
-0.5894102791  
1.042723722  
1.253290525  
0.8847947249  
0.3652663809  
0.7128741995  
0.2699446855  
0.1783210837  
0.5103202099  
0.03247548847  
-0.3243404425  
0.1947860038  
-0.6330880572  
-0.7917615153  
1.914400942  
2.110412755  
0.727880746  
0.3168417837  
0.532169019  
-0.3149700729  
0.8198266484  
-0.3332515554  
1.544330751  
0.4737547611  
-0.7675818554  
-0.8333777514  
-0.4848253962  
-0.30733325  
-0.05954443327  
-0.4697635712  
-0.2627827904  
-0.646999444  
0.06267855394  
-0.6786468268  
-0.143466414  
0.9077889127  
-0.5505665144  
0.8622180603  
-1.334969312  
0.9428037506  
1.007974786  
0.7057282666  
0.535221413  
-0.8294233375  
-1.806821234  
0.7272789929  
-0.8112597225  
-1.814350693  
-2.057859318  
-0.933106596  
-2.055217011  
-2.270865305  
-0.4758579441  
-1.332468424  
-2.256998176  
-0.6971858375  
-0.5099359561  
-1.043419272  
-1.416604083  
-0.9022549536  
-1.258897897  
0.07735099997  
-1.198102568  
-1.116604827  
-2.161681164  
-1.855525607  
-0.3478967786  
-2.711624741  
-2.038481767  
-0.6300351827  
-2.275712641  
-1.427050025  
-1.581376861  
-1.234071889  
-0.5957212543  
-1.415733559  
-0.916263372  
-1.393930008  
-0.9323642647  
-1.59990241  
-2.36301773  
-1.566942749  
-2.574811435  
0.4635269233  
1.079018856  
0.2902289226  
-1.514626912  
-1.36297336  
-1.634070357  
-0.1481512417  
-1.131210648  
-0.5744935667  
-0.2219013073  
0.9544894571  
0.2961844765  
-1.910854449  
0.4553267515  
-1.072936564  
-2.473231746  
-2.147499746  
-0.5196184073  
-0.3485086787  
-0.6625594467  
-0.1606736783  
-0.3755905878  
-2.18273305  
0.5401073702  
-1.76968197  
0.539218807  
-0.7425087398  
-0.9910933678  
0.9660334313  
-0.4465979341  
-1.914396518  
-1.998291013  
1.798842738  
-1.213125405  
-1.192696477  
0.4335861032  
-1.451433786  
-1.76832321  
-1.593729362  
-1.804694527  
-1.816166303  
0.7090649646  
-1.315235629  
-1.400403284  
-1.281236541  
-0.09090609599  
-0.3945133199  
-0.2868580487  
3.797144545  
1.345423909  
1.518954383  
-0.2551120916  
1.793893154  
-0.03976023412  
-0.1935464564  
-0.09074561653  
0.6281756292  
-0.6690097166  
0.9426468322  
0.7817218388  
0.2073491433  
-0.8362634765  
-0.4434702403  
2.864794336  
1.13297595  
0.8765088815  
-0.4741620691  
1.669353274  
0.255423406  
0.5397468773  
-0.08148741422  
0.9736732555  
0.9080152736  
0.09295302585  
-0.4438670514  
-0.294442698  
3.020301146  
-0.2992488993  
1.652496715  
-0.5547926732  
0.1073503105  
2.483410903  
0.07580124264  
1.270960431  
1.40622855  
-0.430204703  
-0.9008235967  
0.3846793085  
-1.384994384  
0.04335389788  
3.099206761  
-0.4544402371  
0.3877814385  
-0.104960365  
0.067313874  
-0.3623329715  
-0.7577936349  
-0.5543973535  
-0.4800168269  
-0.2033746043  
1.231955973  
-1.199737961  
-0.8818640744  
0.7772712908  
2.696006504  
-0.465372481  
0.2563155852  
0.1143453523  
-0.586557426  
-0.7691440642  
-0.2062321099  
0.06578354867  
0.1041021078  
0.4834140756  
0.1748965471  
-0.8673590945  
0.4343474916  
0.1289483459  
-0.1656980812  
0.9703539002  
-0.8053041086  
-1.185521317  
-0.5458093523  
0.97172853  
-0.3883597373  
0.7259232475  
0.5252251788  
0.2979337917  
1.407966096  
0.1090311588  
0.689667227  
0.8384177553  
-0.06999590565  
1.800958349  
-0.03598159882  
