0.7923308075  
1.780632377  
-0.4029795122  
0.4735210356  
0.4004574816  
-0.6459851482  
0.3878566787  
2.170914466  
1.067492467  
0.1899743533  
-0.3515273597  
1.1825365  
-0.4533950494  
-0.3062847439  
0.7578592916  
-0.1328006572  
-0.5663454274  
-0.655168639  
1.035595613  
1.946590606  
0.5146728574  
0.1602782633  
0.4115630202  
0.8948184746  
-1.404156276  
-0.5107081995  
0.8350662042  
0.8373398674  
0.8301383318  
0.1872684356  
-0.3649560875  
0.712374067  
-1.138774197  
-0.2469028332  
-0.1087087894  
-0.3211003159  
1.802378398  
-0.3770916491  
0.03455039082  
-0.1499135788  
-0.3861068491  
0.004925047058  
-0.7484369074  
-0.3119536793  
-0.09194704299  
0.3848620397  
-1.58391001  
-0.05986867364  
0.07120200908  
-0.83367244  
-0.08783158909  
-3.244566763  
0.6270745462  
-0.4580178511  
-0.01732399168  
0.04185793998  
0.1824260777  
-0.4725864604  
-0.1278629803  
0.6872669176  
-0.4362644873  
2.194796263  
-1.120645698  
1.399056205  
1.101586229  
0.9447361115  
0.4962963596  
-0.05470936633  
1.34236831  
-0.02253700538  
0.7664847108  
-0.4534007563  
2.377544288  
0.4149246285  
0.006604993047  
1.382061336  
0.2850405642  
-0.3600158156  
1.311061732  
-0.8379837455  
-1.183741558  
-0.571245656  
0.02515895568  
-0.8970814485  
-0.001971628696  
2.503815044  
-0.1755086978  
0.3176113807  
0.3655160104  
-0.8255288709  
-0.8620640966  
-0.1294344714  
2.11345231  
-1.307398861  
0.009131823809  
0.5899045898  
0.8482587194  
-0.6022230981  
-0.6264366938  
1.489985091  
0.6597441227  
0.8360596243  
-0.737873887  
0.1769895723  
-0.06982184102  
1.940693067  
0.1519968607  
-0.7064745029  
-0.07046228023  
0.3151148078  
0.9841572987  
-0.004831523368  
1.075496235  
2.132948098  
-2.607518149  
-0.5080448081  
-0.4387371321  
0.8339623867  
0.7562948854  
-0.2066315241  
0.7827067937  
-0.7614828989  
-0.3506342609  
-0.3426216635  
-0.8035149625  
-0.6310914754  
-0.9829863691  
-0.8569517596  
0.6124829594  
-0.1802554764  
0.02699314132  
-0.183066642  
-0.698222576  
0.09004171808  
0.7714158882  
-0.3048628402  
0.7181336188  
-1.413083035  
-0.8574600287  
-0.3565269486  
0.7935698335  
-0.8006381501  
0.3592350375  
-2.245722684  
-0.2698167323  
-1.009876032  
-0.6534091646  
-0.009915972247  
-0.9788872245  
-0.1828644735  
-0.669981297  
-0.5613936517  
0.241098029  
-0.1288115891  
-1.060661133  
0.4186833974  
0.282250406  
0.05674442803  
2.112673574  
-0.5461315676  
-0.3843338966  
0.8860705809  
0.6027239239  
0.8037370385  
0.9888664999  
-0.3317732377  
-5.625085466  
0.5427104615  
-0.5932229293  
-0.8439545387  
-0.7688286981  
0.07730277055  
-0.07190507217  
-0.2713345387  
0.4971919397  
0.7743853036  
0.6665619227  
1.568867231  
1.085301222  
0.3317647736  
0.689859196  
-0.4344512776  
0.9149336499  
0.6761736887  
-0.1422222229  
-0.7341564569  
0.2128938436  
1.348725594  
2.138394933  
0.01751580908  
1.033273686  
-1.125524345  
-0.1412348069  
0.2680687724  
-0.1743315486  
-0.7054318849  
-0.1723220981  
0.07226664484  
0.7668263873  
-0.439832729  
0.9964215663  
-2.497106253  
0.4316788638  
-0.5047064879  
1.633876783  
1.478359952  
0.8511124343  
0.2160079569  
0.8307857025  
0.3418323061  
1.393155638  
-0.0709765021  
-0.02227339697  
-1.020442206  
-1.351437816  
-0.1764273492  
-0.4825851795  
-0.6319045619  
-0.9567955596  
0.8012159075  
-0.2808446967  
0.7369774533  
0.6310948535  
-0.6704404539  
-0.3825268217  
1.121505877  
0.5649878257  
0.1049763614  
0.6492455183  
0.7834357054  
-0.1333163831  
0.1235257366  
0.7136775552  
-0.2811004038  
1.626944522  
0.4409641881  
0.9594378081  
-0.3994263038  
-0.3606627924  
0.8808091883  
-0.5581994456  
0.4270428861  
0.08030694548  
-0.2063222684  
0.7997177409  
-2.582919845  
1.187887102  
0.9989213731  
1.094116809  
1.471003906  
0.4966463582  
-0.5806041593  
0.7438698272  
0.583492866  
0.3962469508  
0.7410887272  
-0.6937557926  
-0.608405333  
-1.014712882  
-0.2155656886  
1.678575673  
0.3810809483  
-0.3761984887  
-0.4122839397  
0.1410688296  
-0.3076759141  
0.8905632665  
2.345053194  
-0.6312625702  
1.548967072  
0.5134977824  
-0.3983553014  
-0.04315725414  
-0.6441764322  
-0.3265367252  
0.4677996465  
0.6179627999  
-1.00782902  
-0.2448763748  
0.8957144466  
1.642554912  
-0.9109194267  
1.764773803  
1.237834264  
-0.0315532741  
0.9802381378  
1.415558084  
-0.5997380818  
0.04060838831  
-0.957613213  
0.4825073453  
0.3493760444  
1.078723015  
0.8191640314  
-0.01411321969  
-0.2636601824  
0.5321331956  
2.055425946  
0.5818605546  
0.5682378239  
0.3493788944  
-0.3908392046  
0.8626117943  
-1.387026972  
-0.173618474  
-0.2453936986  
0.7067852717  
0.9110995515  
-0.3577909233  
1.075692899  
0.08862283457  
-0.3467558055  
0.3858638988  
1.11256987  
0.2157044756  
-0.6614552042  
2.512793066  
0.3909173849  
-0.03444840058  
0.3536711369  
0.0529986748  
0.7174383893  
0.7698868006  
0.8248251114  
1.295477683  
-1.329227061  
0.1956890206  
-1.213543407  
0.1943405014  
-0.3024429674  
0.4197514869  
-0.5598572072  
1.340764857  
0.5411084082  
-0.08782795596  
0.5400053317  
0.6598916252  
-0.01685974439  
-0.0498608292  
-0.6050355479  
1.385678752  
0.8917668143  
0.6013113456  
1.524351546  
-1.280841175  
1.702491381  
-0.2850142518  
0.6290545874  
0.4281463824  
0.2717222025  
0.1482094639  
0.6401755594  
0.2875682706  
-0.7343182296  
-0.189907318  
-0.4795440032  
-0.7830118393  
0.9610762478  
1.444633184  
0.4021883488  
-1.103153179  
0.8069028044  
-0.7081519701  
0.1189488767  
1.319145622  
0.8570600052  
-0.4783951095  
0.2277504317  
0.1203419649  
-0.1612417468  
-0.03553262972  
0.06486874585  
-0.5839784753  
0.063149891  
-0.5444396495  
0.8043947353  
0.440006369  
0.7800972238  
0.01350137781  
0.6761654038  
0.1624362471  
-1.396073269  
-0.01121644008  
0.1135257449  
1.938204564  
0.1809884902  
0.3267151851  
-0.6700639173  
0.151099763  
0.6055470706  
-0.805439858  
1.735632327  
-0.1041309909  
-0.1083883975  
-1.253975644  
-1.724805032  
-0.3725642658  
-0.3395757732  
-0.3658253886  
0.02109257359  
-0.3970637704  
-1.211862746  
-0.8867733258  
-0.1355970098  
-0.4536180122  
1.200055073  
-0.7613930033  
-1.302193343  
-1.486071378  
-0.2468598424  
1.1719659  
-1.287819636  
-2.511066286  
-0.645643298  
0.4040750646  
-0.6022572623  
-1.198250564  
0.4620624255  
-1.882871849  
-1.494395982  
-0.9458815415  
-2.476759016  
-0.08886048062  
-1.106955497  
-0.8202843835  
-0.9335145885  
-0.04141019529  
1.366079647  
-1.675293387  
1.471518884  
-2.058835138  
0.672028771  
-0.372237423  
-0.053033444  
-0.5026500022  
-1.949660856  
-0.7153327701  
0.177042948  
1.836561278  
0.7540242886  
-1.445958661  
0.3146396344  
-0.3992025949  
0.06878876238  
0.06321863986  
1.77000566  
-0.6224999513  
-0.6658250436  
-0.3608699816  
0.6124916915  
1.345257308  
-1.499104471  
0.5059228449  
-0.6025259454  
-0.3236149105  
0.3637924228  
-1.019010904  
-1.1395407  
2.434017202  
-0.2997715609  
1.523285287  
0.9971966287  
0.3966864204  
0.609865599  
0.995481509  
-1.089088323  
-0.5007055552  
2.620973786  
-0.7636912514  
0.2241984664  
-1.369340679  
0.006930864494  
0.02988829194  
-1.732171517  
0.9296319898  
0.7853520945  
-1.339106952  
-1.415387241  
-2.031774525  
0.9656564494  
0.2405620038  
-1.421645514  
0.1100278623  
-1.128294682  
0.4437811304  
-2.352098385  
0.4830590821  
-0.3438823475  
0.5977966728  
-0.9847398318  
0.8023954891  
-1.450227453  
-0.7283392798  
-1.193800262  
-0.5851947698  
2.722917333  
0.2040329265  
2.237249357  
0.5074165873  
-1.763302464  
1.013100529  
-0.7342320497  
0.5307353542  
1.604615782  
0.2225113769  
-0.2647237348  
-0.3100629365  
-0.5676737041  
2.816933518  
0.3456121588  
-0.9129634235  
-0.3235378581  
0.5251962845  
-2.100320992  
-0.7247053587  
-1.449737377  
-1.336025328  
0.784324287  
0.07073496084  
-0.2364749094  
-0.09447979082  
1.418953143  
-1.187008326  
-0.5843129325  
-1.751478894  
-1.424536502  
-1.817869257  
-1.624857962  
-2.262378382  
-1.058203681  
-0.8482763755  
-0.5601718056  
0.1868235431  
-0.2189096349  
-0.6549123758  
-1.329056168  
1.171758681  
-0.5088750109  
-0.2192897343  
-1.33447493  
-1.417597035  
-0.2314741684  
-2.557589878  
-1.845646582  
-1.034393638  
-1.36152587  
0.3190683642  
-0.3945033814  
-0.2449959093  
0.7133665287  
-1.752273645  
-1.388211372  
-1.115165143  
-1.707428616  
-0.3487759429  
-0.2349619733  
-0.3086533763  
-1.54737575  
-1.555414374  
-0.5833190451  
2.163161551  
-0.1540888108  
0.4001198244  
-0.1866458168  
0.4987476082  
0.4052215539  
-1.5895109  
